240 34 96 0
242 36 96 0
244 38 96 0
246 40 96 0
248 42 96 0
250 44 96 0
252 46 96 0
254 48 96 0
256 50 96 0
258 52 96 0
260 54 96 0
262 56 96 0
264 58 96 0
266 60 96 0
268 62 96 0
270 64 96 0
272 66 96 0
274 68 96 0
276 70 96 0
278 72 96 0
280 74 96 0
282 76 96 0
284 78 96 0
286 80 96 0
288 82 96 0
290 84 96 0
292 86 96 0
294 88 96 0
296 90 96 0
298 92 96 0
300 94 96 0
302 96 96 0
304 98 96 0
306 100 96 0
308 102 96 0
310 104 96 0
312 106 96 0
314 108 96 0
316 110 96 0
318 112 96 0
320 114 96 0
322 116 96 0
324 118 96 0
326 120 96 0
328 122 96 0
330 124 96 0
332 126 96 0
334 128 96 0
336 130 96 0
338 132 96 0
340 134 96 0
342 136 96 0
344 138 96 0
346 140 96 0
348 142 96 0
350 144 96 0
352 146 96 0
354 148 96 0
356 150 96 0
358 152 96 0
360 154 96 0
362 156 96 0
364 158 96 0
366 160 96 0
368 162 96 0
370 164 96 0
372 166 96 0
374 168 96 0
376 170 96 0
378 172 96 0
380 174 96 0
382 176 96 0
384 178 96 0
386 180 96 0
388 182 96 0
390 184 96 0
392 186 96 0
394 188 96 0
396 190 96 0
398 192 96 0
400 194 96 0
402 196 96 0
404 198 96 0
406 200 96 0
408 202 96 0
410 204 96 0
412 206 96 0
414 208 96 0
416 210 96 0
418 212 96 0
420 214 96 0
422 216 96 0
424 218 96 0
426 220 96 0
428 222 96 0
430 224 96 0
432 226 96 0
434 228 96 0
436 230 96 0
438 232 96 0
440 234 96 0
442 236 96 0
444 238 96 0
446 240 96 0
448 242 96 0
450 244 96 0
452 246 96 0
454 248 96 0
456 250 96 0
458 252 96 0
460 254 96 0
462 256 96 0
464 258 96 0
466 260 96 0
468 262 96 0
470 264 96 0
472 266 96 0
474 268 96 0
476 270 96 0
478 272 96 0
480 274 96 0
482 276 96 0
484 278 96 0
486 280 96 0
488 282 96 0
490 284 96 0
492 286 96 0
494 288 96 0
496 290 96 0
498 292 96 0
500 294 96 0
502 296 96 0
504 298 96 0
506 300 96 0
508 302 96 0
510 304 96 0
512 306 96 0
514 308 96 0
516 310 96 0
518 312 96 0
520 314 96 0
522 316 96 0
524 318 96 0
526 320 96 0
528 322 96 0
530 324 96 0
532 326 96 0
534 328 96 0
536 330 96 0
538 332 96 0
540 334 96 0
542 336 96 0
544 338 96 0
546 340 96 0
548 342 96 0
550 344 96 0
552 346 96 0
554 348 96 0
556 350 96 0
558 352 96 0
560 354 96 0
562 356 96 0
564 358 96 0
566 360 96 0
568 362 96 0
570 364 96 0
572 366 96 0
574 368 96 0
576 370 96 0
578 372 96 0
580 374 96 0
582 376 96 0
584 378 96 0
586 380 96 0
588 382 96 0
590 384 96 0
592 386 96 0
594 388 96 0
596 390 96 0
598 392 96 0
600 394 96 0
602 396 96 0
604 398 96 0
606 400 96 0
608 402 96 0
610 404 96 0
612 406 96 0
614 408 96 0
616 410 96 0
618 412 96 0
620 414 96 0
622 416 96 0
624 418 96 0
626 420 96 0
628 422 96 0
630 424 96 0
632 426 96 0
634 428 96 0
636 430 96 0
638 432 96 0
640 434 96 0
642 436 96 0
644 438 96 0
646 440 96 0
648 442 96 0
650 444 96 0
652 446 96 0
654 448 96 0
656 450 96 0
658 452 96 0
660 454 96 0
662 456 96 0
664 458 96 0
666 460 96 0
668 462 96 0
670 464 96 0
672 466 96 0
674 468 96 0
676 470 96 0
678 472 96 0
680 474 96 0
682 476 96 0
684 478 96 0
686 480 96 0
688 482 96 0
690 484 96 0
692 486 96 0
694 488 96 0
696 490 96 0
698 492 96 0
700 494 96 0
702 496 96 0
704 498 96 0
706 500 96 0
708 502 96 0
710 504 96 0
712 506 96 0
714 508 96 0
716 510 96 0
718 512 96 0
