0 0 256 0
4 4 256 0
8 8 256 0
12 12 256 0
16 16 256 0
20 20 256 0
24 24 256 0
28 28 256 0
32 32 256 0
36 36 256 0
40 40 256 0
44 44 256 0
48 48 256 0
52 52 256 0
56 56 256 0
60 60 256 0
64 64 256 0
68 68 256 0
72 72 256 0
76 76 256 0
80 80 256 0
84 84 256 0
88 88 256 0
92 92 256 0
96 96 256 0
100 100 256 0
104 104 256 0
108 108 256 0
112 112 256 0
116 116 256 0
120 120 256 0
124 124 256 0
128 128 256 0
132 132 256 0
136 136 256 0
140 140 256 0
144 144 256 0
148 148 256 0
152 152 256 0
156 156 256 0
160 160 256 0
164 164 256 0
168 168 256 0
172 172 256 0
176 176 256 0
180 180 256 0
184 184 256 0
188 188 256 0
192 192 256 0
196 196 256 0
200 200 256 0
204 204 256 0
208 208 256 0
212 212 256 0
216 216 256 0
220 220 256 0
224 224 256 0
228 228 256 0
232 232 256 0
236 236 256 0
240 240 256 0
244 244 256 0
248 248 256 0
252 252 256 0
256 256 256 0
260 260 256 0
264 264 256 0
268 268 256 0
272 272 256 0
276 276 256 0
280 280 256 0
284 284 256 0
288 288 256 0
292 292 256 0
296 296 256 0
300 300 256 0
304 304 256 0
308 308 256 0
312 312 256 0
316 316 256 0
320 320 256 0
324 324 256 0
328 328 256 0
332 332 256 0
336 336 256 0
340 340 256 0
344 344 256 0
348 348 256 0
352 352 256 0
356 356 256 0
360 360 256 0
364 364 256 0
368 368 256 0
372 372 256 0
376 376 256 0
380 380 256 0
384 384 256 0
388 388 256 0
392 392 256 0
396 396 256 0
400 400 256 0
404 404 256 0
408 408 256 0
412 412 256 0
416 416 256 0
420 420 256 0
424 424 256 0
428 428 256 0
432 432 256 0
436 436 256 0
440 440 256 0
444 444 256 0
448 448 256 0
452 452 256 0
456 456 256 0
460 460 256 0
464 464 256 0
468 468 256 0
472 472 256 0
476 476 256 0
480 480 256 0
484 484 256 0
488 488 256 0
492 492 256 0
496 496 256 0
500 500 256 0
504 504 256 0
508 508 256 0
512 512 256 0
516 516 256 0
520 520 256 0
524 524 256 0
528 528 256 0
532 532 256 0
536 536 256 0
540 540 256 0
544 544 256 0
548 548 256 0
552 552 256 0
556 556 256 0
560 560 256 0
564 564 256 0
568 568 256 0
572 572 256 0
576 576 256 0
580 580 256 0
584 584 256 0
588 588 256 0
592 592 256 0
596 596 256 0
600 600 256 0
604 604 256 0
608 608 256 0
612 612 256 0
616 616 256 0
620 620 256 0
624 624 256 0
628 628 256 0
632 632 256 0
636 636 256 0
640 640 256 0
644 644 256 0
648 648 256 0
652 652 256 0
656 656 256 0
660 660 256 0
664 664 256 0
668 668 256 0
672 672 256 0
676 676 256 0
680 680 256 0
684 684 256 0
688 688 256 0
692 692 256 0
696 696 256 0
700 700 256 0
704 704 256 0
708 708 256 0
712 712 256 0
716 716 256 0
720 720 256 0
724 724 256 0
728 728 256 0
732 732 256 0
736 736 256 0
740 740 256 0
744 744 256 0
748 748 256 0
752 752 256 0
756 756 256 0
760 760 256 0
764 764 256 0
768 768 256 0
772 772 256 0
776 776 256 0
780 780 256 0
784 784 256 0
788 788 256 0
792 792 256 0
796 796 256 0
800 800 256 0
804 804 256 0
808 808 256 0
812 812 256 0
816 816 256 0
820 820 256 0
824 824 256 0
828 828 256 0
832 832 256 0
836 836 256 0
840 840 256 0
844 844 256 0
848 848 256 0
852 852 256 0
856 856 256 0
860 860 256 0
864 864 256 0
868 868 256 0
872 872 256 0
876 876 256 0
880 880 256 0
884 884 256 0
888 888 256 0
892 892 256 0
896 896 256 0
900 900 256 0
904 904 256 0
908 908 256 0
912 912 256 0
916 916 256 0
920 920 256 0
924 924 256 0
928 928 256 0
932 932 256 0
936 936 256 0
940 940 256 0
944 944 256 0
948 948 256 0
952 952 256 0
956 956 256 0
960 960 256 0
964 964 256 0
968 968 256 0
972 972 256 0
976 976 256 0
980 980 256 0
984 984 256 0
988 988 256 0
992 992 256 0
996 996 256 0
1000 1000 256 0
1004 1004 256 0
1008 1008 256 0
1012 1012 256 0
1016 1016 256 0
1020 1020 256 0
1024 1024 256 0
1028 1028 256 0
1032 1032 256 0
1036 1036 256 0
1040 1040 256 0
1044 1044 256 0
1048 1048 256 0
1052 1052 256 0
1056 1056 256 0
1060 1060 256 0
1064 1064 256 0
1068 1068 256 0
1072 1072 256 0
1076 1076 256 0
1080 1080 256 0
1084 1084 256 0
1088 1088 256 0
1092 1092 256 0
1096 1096 256 0
1100 1100 256 0
1104 1104 256 0
1108 1108 256 0
1112 1112 256 0
1116 1116 256 0
1120 1120 256 0
1124 1124 256 0
1128 1128 256 0
1132 1132 256 0
1136 1136 256 0
1140 1140 256 0
1144 1144 256 0
1148 1148 256 0
1152 1152 256 0
1156 1156 256 0
1160 1160 256 0
1164 1164 256 0
1168 1168 256 0
1172 1172 256 0
1176 1176 256 0
1180 1180 256 0
1184 1184 256 0
1188 1188 256 0
1192 1192 256 0
1196 1196 256 0
1200 1200 256 0
1204 1204 256 0
1208 1208 256 0
1212 1212 256 0
1216 1216 256 0
1220 1220 256 0
1224 1224 256 0
1228 1228 256 0
1232 1232 256 0
1236 1236 256 0
1240 1240 256 0
1244 1244 256 0
1248 1248 256 0
1252 1252 256 0
1256 1256 256 0
1260 1260 256 0
1264 1264 256 0
1268 1268 256 0
1272 1272 256 0
1276 1276 256 0
1280 1280 256 0
1284 1284 256 0
1288 1288 256 0
1292 1292 256 0
1296 1296 256 0
1300 1300 256 0
1304 1304 256 0
1308 1308 256 0
1312 1312 256 0
1316 1316 256 0
1320 1320 256 0
1324 1324 256 0
1328 1328 256 0
1332 1332 256 0
1336 1336 256 0
1340 1340 256 0
1344 1344 256 0
1348 1348 256 0
1352 1352 256 0
1356 1356 256 0
1360 1360 256 0
1364 1364 256 0
1368 1368 256 0
1372 1372 256 0
1376 1376 256 0
1380 1380 256 0
1384 1384 256 0
1388 1388 256 0
1392 1392 256 0
1396 1396 256 0
1400 1400 256 0
1404 1404 256 0
1408 1408 256 0
1412 1412 256 0
1416 1416 256 0
1420 1420 256 0
1424 1424 256 0
1428 1428 256 0
1432 1432 256 0
1436 1436 256 0
1440 1440 256 0
1444 1444 256 0
1448 1448 256 0
1452 1452 256 0
1456 1456 256 0
1460 1460 256 0
1464 1464 256 0
1468 1468 256 0
1472 1472 256 0
1476 1476 256 0
1480 1480 256 0
1484 1484 256 0
1488 1488 256 0
1492 1492 256 0
1496 1496 256 0
1500 1500 256 0
1504 1504 256 0
1508 1508 256 0
1512 1512 256 0
1516 1516 256 0
1520 1520 256 0
1524 1524 256 0
1528 1528 256 0
1532 1532 256 0
1536 1536 256 0
