0 -240 481 0
6 -234 481 0
12 -228 481 0
18 -222 481 0
24 -216 481 0
30 -210 481 0
36 -204 481 0
42 -198 481 0
48 -192 481 0
54 -186 481 0
60 -180 481 0
66 -174 481 0
72 -168 481 0
78 -162 481 0
84 -156 481 0
90 -150 481 0
96 -144 481 0
102 -138 481 0
108 -132 481 0
114 -126 481 0
120 -120 481 0
126 -114 481 0
132 -108 481 0
138 -102 481 0
144 -96 481 0
150 -90 481 0
156 -84 481 0
162 -78 481 0
168 -72 481 0
174 -66 481 0
180 -60 481 0
186 -54 481 0
192 -48 481 0
198 -42 481 0
204 -36 481 0
210 -30 481 0
216 -24 481 0
222 -18 481 0
228 -12 481 0
234 -6 481 0
240 0 481 0
246 6 481 0
252 12 481 0
258 18 481 0
264 24 481 0
270 30 481 0
276 36 481 0
282 42 481 0
288 48 481 0
294 54 481 0
300 60 481 0
306 66 481 0
312 72 481 0
318 78 481 0
324 84 481 0
330 90 481 0
336 96 481 0
342 102 481 0
348 108 481 0
354 114 481 0
360 120 481 0
366 126 481 0
372 132 481 0
378 138 481 0
384 144 481 0
390 150 481 0
396 156 481 0
402 162 481 0
408 168 481 0
414 174 481 0
420 180 481 0
426 186 481 0
432 192 481 0
438 198 481 0
444 204 481 0
450 210 481 0
456 216 481 0
462 222 481 0
468 228 481 0
474 234 481 0
480 240 481 0
486 246 481 0
492 252 481 0
498 258 481 0
504 264 481 0
510 270 481 0
516 276 481 0
522 282 481 0
528 288 481 0
534 294 481 0
540 300 481 0
546 306 481 0
552 312 481 0
558 318 481 0
564 324 481 0
570 330 481 0
576 336 481 0
582 342 481 0
588 348 481 0
594 354 481 0
600 360 481 0
606 366 481 0
612 372 481 0
618 378 481 0
624 384 481 0
630 390 481 0
636 396 481 0
642 402 481 0
648 408 481 0
654 414 481 0
660 420 481 0
666 426 481 0
672 432 481 0
678 438 481 0
684 444 481 0
690 450 481 0
696 456 481 0
702 462 481 0
708 468 481 0
714 474 481 0
720 480 481 0
726 486 481 0
732 492 481 0
738 498 481 0
744 504 481 0
750 510 481 0
756 516 481 0
762 522 481 0
768 528 481 0
774 534 481 0
780 540 481 0
786 546 481 0
792 552 481 0
798 558 481 0
804 564 481 0
810 570 481 0
816 576 481 0
822 582 481 0
828 588 481 0
834 594 481 0
840 600 481 0
846 606 481 0
852 612 481 0
858 618 481 0
864 624 481 0
870 630 481 0
876 636 481 0
882 642 481 0
888 648 481 0
894 654 481 0
900 660 481 0
906 666 481 0
912 672 481 0
918 678 481 0
924 684 481 0
930 690 481 0
936 696 481 0
942 702 481 0
948 708 481 0
954 714 481 0
960 720 481 0
966 726 481 0
972 732 481 0
978 738 481 0
984 744 481 0
990 750 481 0
996 756 481 0
1002 762 481 0
1008 768 481 0
1014 774 481 0
1020 780 481 0
1026 786 481 0
1032 792 481 0
1038 798 481 0
1044 804 481 0
1050 810 481 0
1056 816 481 0
1062 822 481 0
1068 828 481 0
1074 834 481 0
1080 840 481 0
1086 846 481 0
1092 852 481 0
1098 858 481 0
1104 864 481 0
1110 870 481 0
1116 876 481 0
1122 882 481 0
1128 888 481 0
1134 894 481 0
1140 900 481 0
1146 906 481 0
1152 912 481 0
1158 918 481 0
1164 924 481 0
1170 930 481 0
1176 936 481 0
1182 942 481 0
1188 948 481 0
1194 954 481 0
1200 960 481 0
1206 966 481 0
1212 972 481 0
1218 978 481 0
1224 984 481 0
1230 990 481 0
1236 996 481 0
1242 1002 481 0
1248 1008 481 0
1254 1014 481 0
1260 1020 481 0
1266 1026 481 0
1272 1032 481 0
1278 1038 481 0
1284 1044 481 0
1290 1050 481 0
1296 1056 481 0
1302 1062 481 0
1308 1068 481 0
1314 1074 481 0
1320 1080 481 0
1326 1086 481 0
1332 1092 481 0
1338 1098 481 0
1344 1104 481 0
1350 1110 481 0
1356 1116 481 0
1362 1122 481 0
1368 1128 481 0
1374 1134 481 0
1380 1140 481 0
1386 1146 481 0
1392 1152 481 0
1398 1158 481 0
1404 1164 481 0
1410 1170 481 0
1416 1176 481 0
1422 1182 481 0
1428 1188 481 0
1434 1194 481 0
1440 1200 481 0
1446 1206 481 0
1452 1212 481 0
1458 1218 481 0
1464 1224 481 0
1470 1230 481 0
1476 1236 481 0
1482 1242 481 0
1488 1248 481 0
1494 1254 481 0
1500 1260 481 0
1506 1266 481 0
1512 1272 481 0
1518 1278 481 0
1524 1284 481 0
1530 1290 481 0
1536 1296 481 0
1542 1302 481 0
1548 1308 481 0
1554 1314 481 0
1560 1320 481 0
1566 1326 481 0
1572 1332 481 0
1578 1338 481 0
1584 1344 481 0
1590 1350 481 0
1596 1356 481 0
1602 1362 481 0
1608 1368 481 0
1614 1374 481 0
1620 1380 481 0
1626 1386 481 0
1632 1392 481 0
1638 1398 481 0
1644 1404 481 0
1650 1410 481 0
1656 1416 481 0
1662 1422 481 0
