1.709145788
1.330014171
1.819436765
2.403320602
3.086824136
3.873431875
4.764678176
5.759901442
6.856037832
8.047462856
9.325888171
10.68031959
12.09708077
13.55990545
15.05009906
16.5467689
18.02711991
19.46681144
20.84036829
22.12163811
23.28428546
24.30231177
25.15058954
25.80539858
26.24495149
26.44989611
26.40378255
26.09348332
25.5095562
24.6465403
23.5031778
22.08255504
20.39215885
18.44384567
16.25372335
13.84194704
11.23243304
8.452496048
5.532417044
2.504950582
-0.595218329
-3.732056613
-6.868792704
-9.968540796
-12.99492692
-15.91270414
-18.68834437
-21.29059516
-23.69099036
-25.86430487
-27.78894509
-29.44726781
-30.82582218
-31.91551107
-32.71166967
-33.21406115
-33.42679087
-33.35814224
-33.02033889
-32.42923936
-31.60397166
-30.56651609
-29.34124578
-27.95443483
-26.4337445
-24.80769805
-23.10515486
-21.35479392
-19.58461688
-17.82147944
-16.09065976
-14.41547099
-12.81692435
-11.31344761
-9.920662834
-8.651225785
-7.514728064
-6.517661791
-5.663445338
-4.952507453
-4.382426002
-3.948116577
-3.642065375
-3.454600026
-3.37419153
-3.387780036
-3.481117013
-3.639116261
-3.846206342
-4.086677238
-4.345014447
-4.606214224
-4.856074339
-5.081455393
-5.270508592
-5.412866682
-5.499795657
-5.524305775
-5.481221286
-5.367209171
-5.18076804
-4.922179094
-4.593421784
-4.198057422
-3.741084543
-3.228770227
-2.668461941
-2.068384678
-1.437428262
-0.784929707
-0.12045543
0.546412122
1.206279096
1.850132195
2.469514443
3.056681753
3.604737796
4.107745248
4.560812058
4.960151993
5.303119239
5.588217461
5.815084181
5.984451873
6.098087577
6.15871322
6.169909152
6.136003654
6.06195135
5.953203573
5.815573778
5.655101058
5.47791474
5.290102901
5.097587397
4.906007811
4.720616382
4.54618569
4.386930503
4.246444854
4.127655019
4.032788736
3.963360605
3.920173305
3.903333915
3.912284351
3.945844661
4.002267717
4.07930364
4.174272171
4.284141118
4.405608923
4.535189435
4.669296969
4.804329842
4.93675064
5.063161679
5.180374217
5.285470231
5.375855749
5.449304953
5.503994507
5.538527793
5.551948972
5.54374699
5.513849875
5.462609873
5.3907801
5.299483607
5.190175798
5.064601328
4.924746602
4.772789094
4.611044702
4.441914337
4.267830931
4.091207972
3.914390595
3.739610177
3.568943251
3.404275425
3.247270884
3.099347864
2.961660393
2.835086406
2.720222225
2.617383249
2.526610578
2.447683172
2.380135065
2.323277027
2.276222053
2.23791394
2.207158243
2.182654819
2.163031217
2.146876153
2.13277236
2.119328128
2.105206926
2.089154548
2.070023316
2.046792932
2.0185877
1.984689881
1.944549078
1.897787605
1.84420191
1.78376018
1.716596339
1.643000737
1.563407849
1.478381389
1.388597265
1.294824823
1.197906867
1.09873892
0.998248221
0.897372893
0.79704175
0.698155122
0.60156708
0.508069383
0.418377404
0.333118273
0.252821373
0.177911318
0.108703437
0.045401767
-0.011900505
-0.063218285
-0.108669623
-0.148468802
-0.182917673
-0.212395512
-0.237347661
-0.258273261
-0.275712372
-0.290232773
-0.302416756
-0.312848175
-0.322100029
-0.330722814
-0.339233871
-0.348107895
-0.357768783
-0.368582912
-0.380853954
-0.394819257
-0.410647803
-0.428439734
-0.448227369
-0.46997764
-0.493595836
-0.518930501
-0.545779361
-0.573896078
-0.602997678
-0.632772444
-0.662888103
-0.693000103
-0.722759815
-0.751822471
-0.779854692
-0.806541455
-0.831592381
-0.854747224
-0.875780496
-0.894505146
-0.910775274
-0.924487842
-0.935583406
-0.94404588
-0.949901391
-0.953216275
-0.954094301
-0.952673217
-0.949120707
-0.943629887
-0.936414445
-0.927703547
-0.917736626
-0.90675817
-0.895012627
-0.882739517
-0.870168863
-0.857517009
-0.844982913
-0.832744958
-0.820958341
-0.809753066
-0.799232553
-0.789472875
-0.78052261
-0.772403275
-0.765110329
-0.758614677
-0.752864634
-0.747788291
-0.743296197
-0.739284309
-0.73563712
-0.732230895
-0.728936943
-0.725624851
-0.722165614
-0.718434597
-0.714314274
-0.709696692
-0.704485627
-0.698598386
-0.691967245
-0.684540496
-0.676283106
-0.667176989
-0.657220889
-0.646429917
-0.634834744
-0.622480492
-0.609425361
-0.595739028
-0.581500861
-0.566798004
-0.551723364
-0.536373557
-0.520846863
-0.505241222
-0.489652314
-0.474171772
-0.458885547
-0.443872461
-0.429202968
-0.414938141
-0.401128903
-0.387815493
-0.375027189
-0.362782265
-0.351088183
-0.339942008
-0.329331014
-0.319233475
-0.309619614
-0.300452671
-0.291690075
-0.283284692
-0.275186101
-0.267341897
-0.259698961
-0.252204704
-0.244808232
-0.237461423
-0.230119902
-0.22274388
-0.215298869
-0.207756239
-0.200093626
-0.19229519
-0.18435171
-0.176260543
-0.168025425
-0.159656159
-0.151168166
-0.142581947
-0.133922443
-0.125218338
-0.116501297
-0.107805175
-0.099165212
-0.090617227
-0.082196831
-0.073938678
-0.065875762
-0.058038783
-0.050455582
-0.043150655
-0.036144772
-0.029454669
-0.023092858
-0.017067515
-0.011382478
-0.006037331
-0.001027567
0.003655157
0.008022708
0.012090095
0.015875042
0.019397522
0.022679266
0.02574325
0.028613185
0.03131301
0.033866406
0.036296334
0.03862461
0.040871526
0.043055516
0.045192877
0.047297555
0.049380983
0.051451984
0.053516734
0.055578782
0.057639132
0.059696366
0.061746825
0.063784822
0.065802895
0.067792084
0.069742232
0.071642297
0.073480669
0.075245489
0.076924954
0.078507618
0.07998266
0.08134014
0.082571215
0.083668326
0.084625355
0.085437734
0.086102526
0.086618459
0.086985931
0.087206971
0.087285176
0.087225604
0.087034653
0.086719908
0.086289972
0.085754281
0.08512291
0.084406369
0.083615407
0.082760807
0.081853197
0.080902869
0.079919615
0.078912572
0.077890101
0.07685967
0.075827778
0.074799889
0.073780397
0.072772612
0.071778773
0.070800078
0.069836737
0.068888045
0.067952465
0.06702773
0.066110957
0.065198762
0.064287384
0.063372815
0.062450922
0.061517572
0.060568744
0.059600642
0.058609792
0.057593129
0.056548069
0.055472571
0.054365181
0.05322506
0.052052005
0.05084644
0.049609409
0.048342547
0.047048039
0.045728571
0.044387271
0.043027641
0.041653488
0.040268842
0.038877882
0.037484854
0.036093994
0.034709455
0.033335234
0.031975107
0.030632576
0.029310812
0.02801262
0.026740402
0.025496136
0.024281366
0.02309719
0.021944275
0.020822861
0.019732791
0.018673536
0.017644228
0.016643707
0.015670557
0.014723162
0.013799749
0.012898442
0.012017311
0.01115442
0.010307874
0.00947586
0.00865669
0.007848832
0.007050941
0.00626188
0.005480742
0.004706858
0.003939804
0.003179404
0.002425719
0.001679041
0.000939874
0.000208918
-0.000512957
-0.001224737
-0.00192529
-0.0026134
-0.003287793
-0.003947173
-0.004590248
-0.005215761
-0.005822519
-0.006409415
-0.006975452
-0.007519762
-0.008041622
-0.008540468
-0.009015899
-0.009467687
-0.009895774
-0.010300273
-0.01068146
-0.011039765
-0.01137576
-0.011690149
-0.011983745
-0.012257458
-0.012512272
-0.012749228
-0.012969403
-0.013173889
-0.013363777
-0.013540136
-0.013703994
-0.013856329
-0.01399805
-0.014129988
-0.014252884
-0.014367386
-0.014474043
-0.014573299
-0.0146655
-0.01475089
-0.014829618
-0.014901746
-0.014967253
-0.015026045
-0.015077969
-0.015122819
-0.015160353
-0.015190301
-0.015212378
-0.015226299
-0.015231786
-0.015228581
-0.015216458
-0.015195227
-0.015164747
-0.015124925
-0.015075729
-0.015017186
-0.014949384
-0.014872477
-0.014786676
-0.014692254
-0.01458954
-0.014478913
-0.014360798
-0.014235658
-0.01410399
-0.013966313
-0.013823165
-0.013675092
-0.013522641
-0.013366352
-0.013206755
-0.013044356
-0.012879637
-0.012713047
-0.012545003
-0.012375878
-0.012206008
-0.01203568
-0.011865143
-0.011694597
-0.0115242
-0.01135407
-0.011184286
-0.011014889
-0.010845892
-0.010677278
-0.010509006
-0.010341019
-0.010173245
-0.010005603
-0.00983801
-0.009670383
-0.009502642
-0.009334718
-0.009166556
-0.008998112
-0.008829364
-0.008660309
-0.008490964
-0.008321368
-0.008151585
-0.007981697
-0.00781181
-0.007642048
-0.007472553
-0.007303483
-0.00713501
-0.006967315
-0.006800587
-0.006635019
-0.006470808
-0.006308147
-0.006147226
-0.005988227
-0.005831323
-0.005676676
-0.005524432
-0.005374724
-0.005227666
-0.005083356
-0.004941873
-0.004803276
-0.004667608
-0.004534893
-0.004405137
-0.004278331
-0.004154451
-0.004033459
-0.003915307
-0.003799936
-0.003687279
-0.003577265
-0.003469817
-0.003364859
-0.003262311
-0.003162098
-0.003064148
-0.002968391
-0.002874767
-0.002783219
-0.0026937
-0.002606172
-0.002520603
-0.002436971
-0.002355263
-0.002275475
-0.002197608
-0.002121673
-0.002047686
-0.001975667
-0.001905642
-0.001837641
-0.001771692
-0.001707828
-0.00164608
-0.001586477
-0.001529046
-0.00147381
-0.00142079
-0.001369998
-0.001321443
-0.001275127
-0.001231045
-0.001189186
-0.001149532
-0.001112058
-0.001076732
-0.001043517
-0.001012368
-0.000983237
-0.00095607
-0.000930811
-0.000907398
-0.000885768
-0.000865857
-0.000847599
-0.000830928
-0.00081578
-0.000802091
-0.000789799
-0.000778845
-0.000769173
-0.000760731
-0.000753468
-0.000747341
-0.000742308
-0.000738332
-0.00073538
-0.000733423
-0.000732436
-0.000732397
-0.000733287
-0.00073509
-0.000737792
-0.000741382
-0.000745848
-0.00075118
-0.000757371
-0.00076441
-0.000772288
-0.000780995
-0.000790519
-0.000800847
-0.000811965
-0.000823857
-0.000836504
-0.000849885
-0.000863978
-0.000878758
-0.000894199
-0.000910272
-0.000926946
-0.00094419
-0.00096197
-0.000980253
-0.000999004
-0.001018188
-0.001037769
-0.001057712
-0.001077983
-0.001098547
-0.001119372
-0.001140426
-0.001161679
-0.001183102
-0.00120467
-0.001226357
-0.00124814
-0.001269998
-0.001291914
-0.001313869
-0.00133585
-0.001357842
-0.001379836
-0.001401821
-0.001423789
-0.001445733
-0.001467647
-0.001489525
-0.001511364
-0.001533159
-0.001554907
-0.001576603
-0.001598246
-0.00161983
-0.001641352
-0.001662807
-0.001684191
-0.001705498
-0.001726721
-0.001747854
-0.001768891
-0.001789822
-0.001810639
-0.001831334
-0.001851897
-0.001872319
-0.00189259
-0.001912699
-0.001932637
-0.001952394
-0.001971961
-0.001991327
-0.002010484
-0.002029424
-0.00204814
-0.002066623
-0.002084867
-0.002102868
-0.002120621
-0.002138121
-0.002155366
-0.002172354
-0.002189083
-0.002205554
-0.002221766
-0.002237721
-0.00225342
-0.002268866
-0.002284062
-0.00229901
-0.002313715
-0.00232818
-0.00234241
-0.002356409
-0.002370182
-0.002383731
-0.002397062
-0.002410179
-0.002423086
-0.002435786
-0.002448282
-0.002460579
-0.002472678
-0.002484583
-0.002496296
-0.002507818
-0.002519153
-0.002530301
-0.002541264
-0.002552044
-0.002562642
-0.002573059
-0.002583296
-0.002593355
-0.002603237
-0.002612944
-0.002622477
-0.002631838
-0.002641028
-0.002650051
-0.002658909
-0.002667605
-0.002676141
-0.00268452
-0.002692747
-0.002700826
-0.00270876
-0.002716553
-0.002724211
-0.002731738
-0.002739138
-0.002746417
-0.00275358
-0.002760631
-0.002767577
-0.002774422
-0.002781172
-0.002787831
-0.002794404
-0.002800896
-0.002807313
-0.002813658
-0.002819936
-0.002826151
-0.002832308
-0.00283841
-0.00284446
-0.002850463
-0.002856422
-0.00286234
-0.00286822
-0.002874064
-0.002879876
-0.002885658
-0.002891413
-0.002897144
-0.002902852
-0.00290854
-0.002914211
-0.002919866
-0.002925509
-0.002931141
-0.002936765
-0.002942383
-0.002947998
-0.002953613
-0.002959229
-0.00296485
-0.002970478
-0.002976116
-0.002981766
-0.002987432
-0.002993116
-0.00299882
-0.003004548
-0.003010302
-0.003016085
-0.0030219
-0.003027749
-0.003033635
-0.00303956
-0.003045527
-0.003051538
-0.003057594
-0.0030637
-0.003069855
-0.003076062
-0.003082324
-0.003088641
-0.003095015
-0.003101448
-0.003107941
-0.003114494
-0.003121111
-0.00312779
-0.003134534
-0.003141343
-0.003148219
-0.003155161
-0.003162171
-0.003169249
-0.003176397
-0.003183614
-0.003190901
-0.003198259
-0.003205689
-0.00321319
-0.003220765
-0.003228412
-0.003236133
-0.003243929
-0.003251799
-0.003259745
-0.003267767
-0.003275865
-0.003284041
-0.003292295
-0.003300627
-0.003309037
-0.003317527
-0.003326097
-0.003334747
-0.003343478
-0.003352289
-0.003361183
-0.003370157
-0.003379214
-0.003388353
-0.003397574
-0.003406878
-0.003416264
-0.003425733
-0.003435285
-0.003444919
-0.003454635
-0.003464434
-0.003474315
-0.003484277
-0.003494322
-0.003504448
-0.003514655
-0.003524942
-0.003535311
-0.003545759
-0.003556288
-0.003566896
-0.003577583
-0.00358835
-0.003599194
-0.003610117
-0.003621118
-0.003632197
-0.003643352
-0.003654585
-0.003665894
-0.003677279
-0.003688741
-0.003700278
-0.003711891
-0.003723579
-0.003735342
-0.00374718
-0.003759092
-0.003771079
-0.003783139
-0.003795273
-0.003807481
-0.003819761
-0.003832114
-0.00384454
-0.003857039
-0.003869609
-0.00388225
-0.003894964
-0.003907748
-0.003920602
-0.003933528
-0.003946523
-0.003959588
-0.003972722
-0.003985925
-0.003999196
-0.004012536
-0.004025944
-0.004039419
-0.004052961
-0.004066571
-0.004080246
-0.004093988
-0.004107796
-0.00412167
-0.004135608
-0.004149612
-0.00416368
-0.004177813
-0.00419201
-0.004206271
-0.004220596
-0.004234984
-0.004249436
-0.004263951
-0.004278529
-0.00429317
-0.004307873
-0.004322639
-0.004337468
-0.004352359
-0.004367312
-0.004382327
-0.004397404
-0.004412543
-0.004427744
-0.004443006
-0.00445833
-0.004473716
-0.004489163
-0.004504672
-0.004520242
