14	-1
15	6087
16	6086
17	6085
18	6084
19	6082
20	6080
21	6079
22	6078
23	6077
24	6076
25	6075
26	6074
27	6073
28	6072
29	6071
30	6070
31	6069
32	6068
33	6067
34	6066
35	6065
36	6064
37	6063
38	6062
39	6061
40	6060
41	6059
42	6058
43	6057
44	6056
45	6055
46	6054
47	6053
48	6052
49	6051
50	6050
51	6049
52	6048
53	6047
54	6046
55	6045
56	6044
57	6043
58	6042
59	6041
60	6040
61	6039
62	6038
63	6037
64	6036
65	6035
66	6034
67	6033
68	6031
69	6030
70	6029
71	6028
72	6027
73	6026
74	6025
75	6024
76	6023
77	6022
78	6021
79	6020
80	6019
81	6018
82	6017
83	6016
84	6015
85	6014
86	6013
87	6012
88	6011
89	6010
90	6009
91	6008
92	6007
93	6006
94	6004
95	6003
96	6002
97	6001
98	6000
99	5999
100	5998
101	5997
102	5996
103	5995
104	5994
105	5993
106	5992
107	5991
108	5990
109	5989
110	5988
111	5987
112	5986
113	5985
114	5984
115	5983
116	5982
117	5980
118	5979
119	5978
120	5976
121	5975
122	5974
123	5973
124	5971
125	5970
126	5969
127	5968
128	5967
129	5966
130	5965
131	5964
132	5963
133	5962
134	5961
135	5960
136	5959
137	5958
138	5957
139	5956
140	5955
141	5954
142	5953
143	5952
144	5951
145	5950
146	5949
147	5948
148	5947
149	5946
150	5945
151	5944
152	5943
153	5942
154	5941
155	5940
156	5939
157	5938
158	5937
159	5936
160	5935
161	5934
162	5933
163	5932
164	5931
165	5930
166	5929
167	5928
168	5927
169	5926
170	5925
171	5923
172	5922
173	5921
174	5920
175	5919
176	5918
177	5917
178	5916
179	5915
180	5914
181	5913
182	5912
183	5911
184	5910
185	5909
186	5908
187	5907
188	5906
189	5905
190	5904
191	5903
192	5902
193	5901
194	5900
195	5899
196	5898
197	5897
198	5896
199	5895
200	5894
201	5893
202	5892
203	5891
204	5890
205	5889
206	5888
207	5887
208	5886
209	5885
210	5884
211	-1
212	5882
213	-1
214	5880
215	5879
216	5878
217	5877
218	5876
219	5875
220	5874
221	5873
222	5872
223	5871
224	5870
225	-1
226	5868
227	5867
228	5866
229	5865
230	5864
231	5863
232	5862
233	5861
234	5860
235	5859
236	5858
237	5857
238	5856
239	5855
240	5854
241	5853
242	5852
243	5851
244	5850
245	5849
246	5848
247	5847
248	5846
249	5845
250	5844
251	5843
252	5842
253	5841
254	5840
255	5839
256	5838
257	5837
258	5836
259	5835
260	5834
261	5833
262	5832
263	5831
264	5830
265	5829
266	5828
267	5827
268	5826
269	5825
270	5824
271	5823
272	5822
273	5821
274	5820
275	5819
276	5818
277	5817
278	5816
279	-1
280	5814
281	5813
282	5812
283	5811
284	5810
285	5809
286	5808
287	5807
288	5806
289	5805
290	5804
291	5803
292	5802
293	5801
294	5800
295	5799
296	5798
297	5797
298	5796
299	5795
300	5794
301	5793
302	5792
303	5791
304	5790
305	5789
306	5788
307	5787
308	5786
309	5785
310	5784
311	5783
312	5782
313	5781
314	5780
315	5779
316	5778
317	5777
318	5776
319	5775
320	5774
321	5773
322	5772
323	5771
324	5770
325	5769
326	5768
327	5767
328	5766
329	5765
330	5764
331	5763
332	5762
333	5761
334	5760
335	-1
336	5758
337	5757
338	5756
339	5755
340	5754
341	5753
342	5752
343	5751
344	5750
345	5749
346	5748
347	5747
348	5746
349	5745
350	5744
351	5743
352	5742
353	5741
354	5740
355	5739
356	5738
357	5737
358	5736
359	5735
360	5734
361	5733
362	5732
363	5731
364	5730
365	5729
366	5728
367	5727
368	5726
369	5725
370	5724
371	5723
372	5722
373	5721
374	5720
375	5719
376	5718
377	5717
378	5716
379	5715
380	5714
381	5713
382	5712
383	5711
384	5710
385	5709
386	5708
387	-1
388	5706
389	5705
390	5704
391	5703
392	5702
393	5701
394	5700
395	5699
396	5698
397	5697
398	5696
399	5695
400	-1
401	5693
402	5692
403	5691
404	5690
405	5689
406	5688
407	5687
408	5686
409	5685
410	5684
411	5683
412	5682
413	5681
414	5680
415	5679
416	5678
417	5677
418	5676
419	5675
420	5674
421	5673
422	5672
423	5671
424	5670
425	5669
426	5668
427	5667
428	5666
429	5665
430	5664
431	5663
432	5662
433	5661
434	5660
435	5659
436	5658
437	5657
438	5656
439	5655
440	5654
441	5653
442	5652
443	5651
444	5650
445	5649
446	5648
447	5647
448	5646
449	5645
450	5644
451	5643
452	5642
453	5641
454	5640
455	5639
456	5638
457	5637
458	5636
459	5635
460	5634
461	5633
462	5632
463	5631
464	5630
465	5629
466	5628
467	5627
468	5626
469	5625
470	5624
471	5623
472	5622
473	5621
474	5620
475	5619
476	5618
477	5617
478	5616
479	5615
480	5614
481	5613
482	5612
483	5611
484	5610
485	5609
486	5608
487	5607
488	5606
489	5605
490	5604
491	5603
492	5602
493	-1
494	5600
495	5599
496	5598
497	5597
498	5596
499	5595
500	5594
501	5593
502	5592
503	5591
504	5590
505	5589
506	5588
507	5587
508	5586
509	5585
510	5584
511	5583
512	5582
513	5581
514	5580
515	5579
516	5578
517	5577
518	5576
519	5575
520	5574
521	5573
522	5572
523	5571
524	5570
525	5569
526	5568
527	5567
528	-1
529	5565
530	5564
531	5563
532	5562
533	5561
534	5560
535	5559
536	5558
537	5557
538	5556
539	5555
540	5554
541	5553
542	5552
543	5551
544	5550
545	5549
546	5548
547	5547
548	5546
549	5545
550	5544
551	5543
552	5542
553	-1
554	5540
555	5539
556	5538
557	5537
558	5536
559	5535
560	5534
561	-1
562	5532
563	5531
564	5530
565	5529
566	5528
567	5527
568	5526
569	5525
570	5524
571	-1
572	5522
573	5521
574	5520
575	5519
576	5518
577	5517
578	5516
579	5515
580	5514
581	5513
582	5512
583	5511
584	5510
585	5509
586	5508
587	5507
588	5506
589	5505
590	5504
591	5503
592	5502
593	5501
594	5500
595	5499
596	5498
597	5497
598	5496
599	5495
600	5494
601	5493
602	5492
603	5491
604	5490
605	5489
606	5488
607	5487
608	5486
609	5485
610	5484
611	5483
612	5482
613	5481
614	5480
615	5479
616	5478
617	5477
618	5476
619	5475
620	5474
621	5473
622	5472
623	5471
624	5470
625	5469
626	5468
627	5467
628	5466
629	5465
630	5464
631	5463
632	5462
633	5461
634	5460
635	5459
636	5458
637	5457
638	5456
639	5455
640	5454
641	5453
642	5452
643	5451
644	5450
645	5449
646	5448
647	5447
648	5446
649	5445
650	5444
651	5443
652	5442
653	5441
654	5440
655	5439
656	5438
657	5437
658	5436
659	5435
660	5434
661	5433
661	5433
661	5433
662	5430
663	5429
664	5428
665	5427
666	5426
667	5425
668	-1
669	-1
670	5422
671	5421
672	5420
673	5419
674	5418
675	5417
676	5416
677	5415
678	5414
679	5413
680	5412
681	5411
682	5410
683	5409
684	5408
685	5407
686	5406
687	5405
688	5404
689	5403
690	5402
691	5401
692	5400
693	5399
694	5398
695	5397
696	5396
697	5395
698	-1
699	-1
700	-1
701	5391
702	5390
703	5389
704	5388
705	5387
706	5386
707	5385
708	5384
709	5383
710	5382
711	5381
712	5380
713	5379
714	5378
715	5377
716	5376
717	5375
718	5374
719	5373
720	5372
721	5371
722	5370
723	5369
724	5368
725	5367
726	5366
727	-1
728	-1
729	5363
730	5362
731	5361
732	5360
733	5359
734	5358
735	5357
736	5356
737	5355
738	5354
739	5353
740	5352
741	5351
742	5350
743	5349
744	5348
745	5347
746	5346
747	5345
748	5344
749	5343
750	5342
751	5341
752	5340
753	5339
754	5338
755	5337
756	5336
757	5335
758	5334
759	5333
760	5332
761	5331
762	5330
763	5329
764	5328
765	5327
766	5326
767	5325
768	5324
769	5323
770	5322
771	5321
772	5320
773	5319
774	5318
775	5317
776	5316
777	5315
778	5314
779	5313
780	-1
781	5311
782	5310
783	5309
784	5308
785	5307
786	5306
787	5305
788	5304
789	5303
790	5302
791	5301
792	5300
793	5299
794	5298
795	5297
796	5296
797	5295
798	5294
799	5293
800	5292
801	5291
802	5290
803	5289
804	5288
805	5287
806	5286
807	5285
808	5284
809	5283
810	5282
811	5281
812	5280
813	5279
814	5278
815	5277
816	-1
817	5275
818	5274
819	5273
820	5272
821	5271
822	5270
823	5269
824	5268
825	5267
826	-1
827	5265
828	5264
829	5263
830	5262
831	5261
832	5260
833	5259
834	5258
835	5257
836	5256
837	5255
838	5254
839	5253
840	5252
841	5251
842	5250
843	5249
844	5248
845	5247
846	5246
847	5245
848	5244
849	5243
850	5242
851	5241
852	5240
853	5239
854	5238
855	5237
856	5236
857	5235
858	5234
859	5233
860	5232
861	5231
862	5230
863	5229
864	5228
865	5227
866	5226
867	5225
868	5224
869	5223
870	5222
871	5221
872	5220
873	5219
874	5218
875	5217
876	5216
877	5215
878	5214
879	5213
880	5212
881	5211
882	5210
883	5209
884	5208
885	5207
886	5206
887	5205
888	5204
889	5203
890	5202
891	5201
892	5200
893	5199
894	5198
895	5197
896	5196
897	5195
898	5194
899	5193
900	5192
901	5191
902	5190
903	5189
904	5188
905	5187
906	5186
907	5185
908	5184
909	5183
910	5182
911	5181
912	5180
913	5179
914	5178
915	5177
916	5176
917	5175
918	5174
919	5173
920	5172
921	5171
922	5170
923	5169
924	5168
925	5167
926	5166
927	5165
928	5164
929	5163
930	5162
931	5161
932	5160
933	5159
934	5158
935	5157
936	5156
937	5155
938	5154
939	5153
940	5152
941	5151
942	5150
943	5149
944	5148
945	5147
946	5146
947	5145
948	5144
949	5143
950	5142
951	5141
952	5140
953	5139
954	5138
955	5137
956	5136
957	5135
958	5134
959	5133
960	5132
961	5131
962	5130
963	5129
964	5128
965	5127
966	5126
967	5125
968	5124
969	5123
970	5122
971	5121
972	5120
973	5119
974	5118
975	5117
976	5116
977	5115
978	5114
979	5113
980	5112
981	5111
982	5110
983	5109
984	5108
985	5107
986	5106
987	5105
988	5104
989	5103
990	5102
991	5101
992	5100
993	5099
994	5098
995	5097
996	5096
997	5095
998	5094
999	5093
1001	5092
1002	5091
1003	5090
1004	5089
1005	5088
1006	5087
1007	5086
1008	5085
1009	5084
1010	5083
1011	5082
1012	5081
1013	5080
1014	5079
1015	5078
1016	5077
1017	5076
1018	5075
1019	5074
1020	5073
1021	5072
1022	5071
1023	5070
1024	5069
1025	5068
1026	5067
1027	5066
1028	5065
1029	5064
1030	5063
1031	5062
1032	5061
1033	5060
1034	5059
1035	5058
1036	5057
1037	5056
1038	5055
1039	5054
1040	5053
1041	5052
1042	5051
1043	5050
1044	5049
1045	5048
1046	5047
1047	5046
1048	5045
1049	5044
1050	5043
1051	5042
1052	5041
1053	5040
1054	5039
1055	5038
1056	5037
1057	5036
1058	5035
1059	5034
1060	5033
1061	5032
1062	5031
1063	5030
1064	5029
1065	5028
1066	5027
1067	5026
1068	5025
1069	5024
1070	5023
1071	5022
1072	5021
1073	-1
1074	5019
1075	5018
1076	5017
1077	5016
1078	5015
1079	5014
1080	5013
1081	5012
1082	5011
1083	5010
1084	5009
1085	5008
1086	5007
1087	5006
1088	5005
1089	5004
1090	5003
1091	5002
1092	5001
1093	5000
1094	4999
1095	4998
1096	4997
1097	4996
1098	4995
1099	4994
1100	4993
1101	4992
1102	4991
1103	4990
1104	4989
1105	4988
1106	4987
1107	4986
1108	4985
1108	4984
1108	4984
1108	4984
1109	4981
1110	4980
1111	4979
1112	4978
1113	4977
1114	4976
1115	4975
1116	4974
1117	4973
1118	4972
1119	4971
1120	4970
1121	4969
1122	4968
1123	4967
1124	4966
1125	4965
1126	4964
1127	4963
1128	4962
1129	4961
1130	4960
1131	4959
1132	4958
1133	4957
1134	4956
1135	4955
1136	4954
1137	4953
1138	4952
1139	4951
1140	4950
1141	4949
1142	4948
1143	4947
1144	4946
1145	4945
1146	4944
1147	4943
1148	4942
1149	4941
1150	4940
1151	4939
1152	4938
1153	4937
1154	4936
1155	4935
1156	4934
1157	4933
1158	4932
1159	4931
1160	4930
1161	4929
1162	4928
1163	4927
1164	4926
1165	4925
1166	4924
1167	4923
1168	4922
1169	4921
1170	4920
1171	4919
1172	4918
1173	4917
1174	4916
1175	4915
1176	4914
1177	4913
1178	4912
1179	4911
1180	4910
1181	4909
1182	4908
1183	4907
1184	4906
1185	4905
1186	4904
1187	4903
1188	4902
1189	4901
1190	4900
1191	4899
1192	4898
1193	4897
1194	4896
1195	4895
1196	4894
1197	4893
1198	4892
1199	4891
1200	4890
1201	4889
1202	4888
1203	4887
1204	4886
1205	4885
1206	4884
1207	4883
1208	4882
1209	4881
1210	4880
1211	4879
1212	4878
1213	4877
1214	4876
1215	4875
1216	4874
1217	4873
1218	4872
1219	-1
1220	4870
1221	4869
1222	4868
1223	4867
1224	4866
1225	4865
1226	4864
1227	4863
1228	4862
1229	4861
1230	4860
1231	4859
1232	4858
1233	4857
1234	4856
1235	4855
1236	4854
1237	4853
1238	4852
1239	4851
1240	4850
1241	4849
1242	4848
1243	4847
1244	4846
1245	4845
1246	4844
1247	4843
1248	4842
1249	4841
1250	4840
1251	4839
1252	4838
1253	-1
1254	-1
1255	4835
1256	4834
1257	4833
1258	4832
1259	4830
1260	4829
1261	4828
1262	4827
1263	4826
1264	4825
1265	4824
1266	4823
1267	4822
1268	4821
1269	4820
1270	4819
1271	4818
1272	4817
1273	4816
1274	4815
1275	4814
1276	4813
1277	4812
1278	4811
1279	4810
1280	4809
1281	4808
1282	4807
1283	4806
1284	4805
1285	4804
1286	4803
1287	4802
1288	4801
1289	4800
1290	4799
1291	4798
1292	4797
1293	4796
1294	4795
1295	4794
1296	4793
1297	4792
1298	4791
1299	4790
1300	-1
1301	-1
1302	4787
1303	4786
1304	4785
1305	4784
1306	4783
1307	4782
1308	4781
1309	4780
1310	4779
1311	4778
1312	4777
1313	4776
1314	4775
1315	4774
1316	4773
1317	4772
1318	4771
1319	4770
1320	4769
1321	4768
1322	4767
1323	4766
1324	4765
1325	4764
1326	4763
1327	4762
1328	4761
1329	4760
1330	4759
1331	4758
1332	4757
1333	4756
1334	4755
1335	4754
1336	4753
1337	4752
1338	4751
1339	4750
1340	4749
1341	4748
1342	4747
1343	4746
1344	4745
1345	4744
1346	4743
1347	4742
1348	4741
1349	4740
1350	4739
1351	4738
1352	4737
1353	4736
1354	4735
1355	4734
1356	4733
1357	4732
1358	4731
1359	4730
1360	4729
1361	4728
1362	4727
1363	4726
1364	4725
1365	4724
1366	4723
1367	4722
1368	4721
1369	4720
1370	4719
1371	4718
1372	4717
1373	4716
1374	4715
1375	4714
1376	4713
1377	4712
1378	4711
1379	4710
1380	4709
1381	4708
1382	4707
1383	4706
1384	4705
1385	4704
1386	4703
1387	4702
1388	4701
1389	4700
1390	4699
1391	4698
1392	4697
1393	4696
1394	4695
1395	4694
1396	4693
1397	4692
1398	4691
1399	4690
1400	4689
1401	4688
1402	4687
1403	4686
1404	4685
1405	4684
1406	4683
1407	4682
1408	4681
1409	4680
1410	4679
1411	4678
1412	4677
1413	4676
1414	4675
1415	4674
1416	4673
1417	4672
1418	-1
1419	-1
1420	4669
1421	4668
1422	4667
1423	4666
1424	4665
1425	4664
1426	4663
1427	4661
1427	4661
1428	4660
1429	4659
1430	4658
1431	4657
1432	4656
1433	4655
1434	4654
1435	4653
1436	4652
1437	4651
1438	4650
1439	4649
1440	4648
1441	4647
1442	4646
1443	4645
1444	4644
1445	4643
1446	4642
1447	4641
1448	4640
1449	4639
1450	4638
1451	4637
1452	4636
1453	4635
1454	4634
1455	4633
1456	4632
1457	4631
1458	4630
1459	4629
1460	4628
1461	4627
1462	4626
1463	4625
1464	4624
1465	4623
1466	4622
1467	4621
1468	4620
1469	4619
1470	4618
1471	4617
1472	4616
1473	4615
1474	4614
1475	4613
1476	4612
1477	4611
1478	4610
1479	4609
1480	4608
1481	4607
1482	4606
1483	4605
1484	4604
1485	4603
1486	4602
1487	4601
1488	4600
1489	4599
1490	4598
1491	4597
1492	4596
1493	4595
1494	4594
1495	4593
1496	4592
1497	4591
1498	4590
1499	4589
1500	4588
1501	4587
1502	4586
1503	4585
1504	4584
1505	4583
1506	4582
1507	4581
1508	4580
1509	4579
1510	4578
1511	4577
1512	4576
1513	4575
1514	4574
1515	4573
1516	4572
1517	4571
1518	4570
1519	4569
1520	4568
1521	4567
1522	4566
1523	4565
1524	4564
1525	4563
1526	4562
1527	-1
1528	4560
1529	4559
1530	4558
1531	4557
1532	4556
1533	4555
1534	4554
1535	4553
1536	4552
1537	4551
1538	4550
1539	4549
1540	4548
1541	4547
1542	4546
1543	4545
1544	4544
1545	4543
1546	4542
1547	4541
1548	4540
1549	4539
1550	4538
1551	4537
1552	4535
1553	4534
1554	4533
1555	4532
1556	4531
1557	4530
1558	4529
1559	4528
1560	4527
1561	4526
1562	4525
1563	4524
1564	4523
1565	4522
1566	4521
1567	4520
1568	4519
1569	4518
1570	4517
1571	4516
1572	4515
1573	4514
1574	4513
1575	4512
1576	4511
1577	4510
1578	4509
1579	4508
1580	4507
1581	4506
1582	4505
1583	4504
1584	4503
1585	4502
1586	4501
1587	4500
1588	4499
1589	4498
1590	4497
1591	4496
1592	4495
1593	4494
1594	4493
1595	4492
1596	4491
1597	4490
1598	4489
1599	4488
1600	4486
1601	4485
1602	4484
1603	4483
1604	4482
1605	4481
1606	4480
1607	4479
1608	4478
1609	4477
1610	4476
1611	4475
1612	4474
1613	4473
1614	4472
1615	4471
1616	4470
1617	4469
1618	4468
1619	4467
1620	4466
1621	4465
1622	4464
1623	4463
1624	4462
1625	4461
1626	4460
1627	4459
1628	4458
1629	4457
1630	4456
1631	4455
1632	4454
1633	4453
1634	4452
1635	4451
1636	4450
1637	4449
1638	4448
1639	4447
1640	4445
1641	4444
1642	4443
1643	4442
1644	4441
1645	4440
1646	4439
1647	4438
1648	4437
1649	4436
1650	4435
1651	4434
1652	4433
1653	4432
1654	4431
1655	4430
1656	4429
1657	4428
1658	4427
1659	4426
1660	4425
1661	4424
1662	4423
1663	4422
1664	4421
1665	4420
1666	4419
1667	4418
1668	4417
1669	4416
1670	4415
1671	4414
1672	4413
1673	4412
1674	4411
1675	4410
1676	4409
1677	4408
1678	4407
1679	4406
1680	4405
1681	4404
1682	4403
1683	4402
1684	4401
1685	4400
1686	4399
1687	4398
1688	4397
1689	4396
1690	4395
1691	4394
1692	4393
1693	4392
1694	4391
1695	4390
1696	4389
1697	4388
1698	4387
1699	4386
1700	4385
1701	4384
1702	4383
1703	4382
1704	4381
1705	4380
1706	4379
1707	4378
1708	4377
1709	4376
1710	4375
1711	4374
1712	4373
1713	4372
1714	4371
1715	4370
1716	4369
1717	4368
1718	4367
1719	4366
1720	4365
1721	4364
1722	4363
1723	4362
1724	4361
1725	4360
1726	4359
1727	4358
1728	4357
1729	4356
1730	4355
1731	4354
1732	4353
1733	4352
1734	4351
1735	4350
1736	4349
1737	4348
1738	4347
1739	4346
1740	4345
1741	-1
1742	4343
1743	4342
1744	4341
1745	4340
1746	4339
1747	4338
1748	4337
1749	4336
1750	4335
1751	4334
1752	4333
1752	4331
1752	4330
1752	4330
1752	4330
1752	4330
1752	4330
1752	4330
1753	4324
1754	4322
1755	4321
1756	4320
1757	4319
1758	4318
1759	4317
1760	4316
1761	4315
1762	4314
1763	4313
1764	4312
1765	4311
1766	4310
1767	4309
1768	4308
1769	4307
1770	4306
1771	4305
1772	4304
1773	4303
1774	4302
1775	4301
1776	4300
1777	4299
1778	4298
1779	4297
1780	4296
1781	4295
1782	4294
1783	4293
1784	4292
1785	4291
1786	4290
1787	4289
1788	4288
1789	4287
1790	4286
1791	4285
1792	4284
1793	4283
1794	4282
1795	4281
1796	4280
1797	4279
1798	4278
1799	4277
1800	4276
1801	4275
1802	4274
1803	4273
1804	4272
1805	4271
1806	4270
1807	4269
1808	4268
1809	4267
1810	4266
1811	4265
1812	4264
1813	4263
1814	4262
1815	4261
1816	4260
1817	4259
1818	4258
1819	4257
1820	4256
1821	4255
1822	4254
1823	4253
1824	4252
1825	4251
1826	4250
1827	4249
1828	4248
1829	4247
1830	4246
1831	4245
1832	4244
1833	4243
1834	4242
1835	4241
1836	4240
1837	4239
1838	4238
1839	4237
1840	4236
1841	4235
1842	4234
1843	4233
1844	4232
1845	4231
1846	4230
1847	4229
1848	4228
1849	4227
1850	4226
1851	4225
1852	4224
1853	4223
1854	4222
1855	4221
1856	4220
1857	4219
1858	4218
1859	4217
1860	4216
1861	4215
1862	4214
1863	4213
1864	4212
1865	4211
1866	4210
1867	4209
1868	4208
1869	4207
1870	4206
1871	4205
1872	4204
1873	4203
1874	4202
1875	4201
1876	4200
1877	4199
1878	4198
1879	4197
1880	4196
1881	4195
1882	4194
1883	4193
1884	4192
1885	4191
1886	4190
1887	4189
1888	4188
1889	4187
1890	4186
1891	4185
1892	4184
1893	4183
1894	4182
1895	4181
1896	4180
1897	4179
1898	4178
1899	4177
1900	4176
1901	4175
1902	4174
1903	4173
1904	4172
1905	4171
1906	4170
1907	4169
1908	4168
1909	4167
1910	4166
1911	4165
1912	4164
1913	4163
1914	4162
1915	4161
1916	4160
1917	4159
1918	4158
1919	4157
1920	4156
1921	4155
1922	4154
1923	4153
1924	4152
1925	4151
1926	4150
1927	4149
1928	4148
1929	4147
1930	4146
1931	4145
1932	4144
1933	4143
1934	4142
1935	4141
1936	4140
1937	4139
1938	4138
1939	4137
1940	4136
1941	4135
1942	4134
1943	4133
1944	4132
1945	4131
1946	4130
1947	4129
1948	4128
1949	4127
1950	4126
1951	4125
1952	4124
1953	4123
1954	4122
1955	4121
1956	4120
1957	4119
1958	4118
1959	4117
1960	4116
1961	4115
1962	4114
1963	4113
1964	4112
1965	4111
1966	4110
1967	4109
1968	4108
1969	4107
1970	4106
1971	4105
1972	4104
1973	4103
1974	4102
1975	4101
1976	4100
1977	4099
1978	4098
1979	4097
1980	4096
1981	4095
1982	4094
1983	4093
1984	4092
1985	4091
1986	4090
1987	4089
1988	4088
1989	4087
1990	4086
1991	4085
1992	4084
1993	4083
1994	4082
1995	4081
1996	4080
1997	4079
1998	4078
1999	4077
2001	4076
2002	4075
2003	4074
2004	4073
2005	4072
2006	4071
2007	4070
2008	4069
2009	4068
2010	4067
2011	4066
2012	4065
2013	4064
2014	4063
2015	4062
2016	4061
2017	4060
2018	4059
2019	4058
2020	4057
2021	4056
2022	4055
2023	4054
2024	4053
2025	4052
2026	4051
2027	4050
2028	4049
2029	4048
2030	4047
2031	4046
2032	4045
2033	4044
2034	4043
2035	4042
2036	4041
2037	4040
2038	4039
2039	4038
2040	4037
2041	4036
2042	4035
2043	4034
2044	4033
2045	4032
2046	4031
2047	4030
2048	4029
2049	4028
2050	4027
2051	4026
2052	4025
2053	4024
2054	4023
2055	4022
2056	4021
2057	4020
2058	4019
2059	4018
2060	4017
2061	4016
2062	4015
2063	4014
2064	4013
2065	4012
2066	4011
2067	4010
2068	4009
2069	4008
2070	4007
2071	4006
2072	4005
2073	4004
2074	4003
2075	4002
2076	4001
2077	4000
2078	3999
2079	3998
2080	3997
2081	3996
2082	3995
2083	3994
2084	3993
2085	3992
2086	3991
2087	3990
2088	3989
2089	-1
2090	3987
2091	3986
2092	3985
2093	3984
2094	3983
2095	3982
2096	3981
2097	3980
2098	3979
2099	3978
2100	3977
2101	3976
2102	3975
2103	3974
2104	3973
2105	3972
2106	3971
2107	3970
2108	3969
2109	3968
2110	3967
2111	3966
2112	3965
2113	3964
2114	3963
2115	3962
2116	3961
2117	3960
2118	3959
2119	3958
2120	3957
2121	3956
2122	3955
2123	3954
2124	3953
2125	3952
2126	3951
2127	3950
2128	3949
2129	3948
2130	3947
2131	3946
2132	3945
2133	3944
2134	3943
2135	3942
2136	3941
2137	3940
2138	3939
2139	3938
2140	3937
2141	3936
2142	3935
2143	3934
2144	3933
2145	3932
2146	3931
2147	3930
2148	3929
2149	3928
2150	3927
2151	3926
2152	3925
2153	3924
2154	3923
2155	3922
2156	3921
2157	3920
2158	3919
2159	3918
2160	3917
2161	3916
2162	3915
2163	3914
2164	3913
2165	3912
2166	3911
2167	3910
2168	3909
2169	3908
2170	-1
2171	3906
2172	3905
2173	3904
2174	3903
2175	3902
2176	3901
2177	3900
2178	3899
2179	3898
2180	3897
2181	3896
2182	3895
2183	3894
2184	3893
2185	3892
2186	3891
2187	3890
2188	3889
2189	3888
2190	3887
2191	3886
2192	3885
2193	3884
2194	3883
2195	3882
2196	3881
2197	3880
2198	3879
2199	3878
2200	3877
2201	3876
2202	3875
2203	3874
2204	3873
2205	3872
2206	3871
2207	3870
2208	3869
2209	3868
2210	3867
2211	3866
2212	3865
2213	3864
2214	3863
2215	3862
2216	3861
2217	3860
2218	3859
2219	3858
2220	3857
2221	3856
2222	3855
2223	3854
2224	3853
2225	3852
2226	3851
2227	3850
2228	3849
2229	3848
2230	3847
2231	3846
2232	3845
2233	3844
2234	3843
2235	3842
2236	3841
2237	3840
2238	3839
2239	3838
2240	3837
2241	3836
2242	3835
2243	3834
2244	3833
2245	3832
2246	3831
2247	3830
2248	3829
2249	3828
2250	3827
2251	3826
2252	3825
2253	3824
2254	3823
2255	3822
2256	3821
2257	3820
2258	3819
2259	3818
2260	3817
2261	3816
2262	3815
2263	3814
2264	3813
2265	3812
2266	3811
2267	3810
2268	3809
2269	3808
2270	3807
2271	3806
2272	3805
2273	3804
2274	3803
2275	3802
2276	3801
2277	3800
2278	3799
2279	3798
2280	3797
2281	3796
2282	3795
2283	3794
2284	3793
2285	3792
2286	3791
2287	3790
2288	3789
2289	3788
2290	3787
2291	3786
2292	3785
2293	3784
2294	3783
2295	3782
2296	3781
2297	3780
2298	3779
2299	3778
2300	3777
2301	3776
2302	3775
2303	-1
2304	3773
2305	3772
2306	3771
2307	3770
2308	3769
2309	3768
2310	3767
2311	3766
2312	3765
2313	3764
2314	3763
2315	3762
2316	3761
2317	3760
2318	3759
2319	3758
2320	3757
2321	3756
2322	3755
2323	3754
2324	3753
2325	3752
2326	3751
2327	3750
2328	3749
2329	3748
2330	3747
2331	3746
2332	3745
2333	3744
2334	3743
2335	3742
2336	3741
2337	3740
2338	3739
2339	3738
2340	3737
2341	3736
2342	3735
2343	3734
2344	3733
2345	3732
2346	3731
2347	3730
2348	3729
2349	3728
2350	3727
2351	3726
2352	3725
2353	3724
2354	3723
2355	3722
2356	3721
2357	3720
2358	3719
2359	3718
2360	3717
2361	3716
2362	3715
2363	3714
2364	3713
2365	3712
2366	3711
2367	3710
2368	3709
2369	3708
2370	3707
2371	3706
2372	3705
2373	3704
2374	3703
2375	3702
2376	3701
2377	3700
2378	3699
2379	3698
2380	3697
2381	3696
2382	3695
2383	3694
2384	3693
2385	3692
2386	3691
2387	3690
2388	3689
2389	3688
2390	3687
2391	3686
2392	3685
2393	3684
2394	3683
2395	3682
2396	3681
2397	3680
2398	3679
2399	3678
2400	3677
2401	3676
2402	3675
2403	3674
2404	3673
2405	3672
2406	3671
2407	3670
2408	3669
2409	3668
2410	3667
2411	3666
2412	3665
2413	3664
2414	3663
2415	3662
2416	3661
2417	3660
2418	3659
2419	3658
2420	3657
2421	3656
2422	3655
2423	3654
2424	3653
2425	3652
2426	3651
2427	3650
2428	3649
2429	3648
2430	3647
2431	3646
2432	3645
2433	3644
2434	3643
2435	3642
2436	3641
2437	3640
2438	3639
2439	3638
2440	3637
2441	3636
2442	3635
2443	3634
2444	3633
2445	3632
2446	3631
2447	3630
2448	3629
2449	3628
2450	3627
2451	3626
2452	3625
2453	3624
2454	3623
2455	3622
2456	3621
2457	3620
2458	3619
2459	3618
2460	3617
2461	3616
2462	3615
2463	3614
2464	3613
2465	3612
2466	3611
2467	3610
2468	3609
2469	3608
2470	3607
2471	3606
2472	3605
2473	3604
2474	3603
2475	3602
2476	3601
2477	3600
2478	3599
2479	3598
2480	3597
2481	3596
2482	3595
2483	3594
2484	3593
2485	3592
2486	3591
2487	3590
2488	3589
2489	3588
2490	3587
2491	3586
2492	3585
2493	3584
2494	3583
2495	3582
2496	3581
2497	3580
2498	3579
2499	3578
2500	3577
2501	3576
2502	3575
2503	3574
2504	3573
2505	3572
2506	3571
2507	3570
2508	3569
2509	3568
2510	3567
2511	3566
2512	3565
2513	3564
2514	3563
2515	3562
2516	3561
2517	3560
2518	3559
2519	3558
2520	3557
2521	3556
2522	3555
2523	3554
2524	3553
2525	3552
2526	3551
2527	3550
2528	3549
2529	3548
2530	3547
2531	3546
2532	3545
2533	3544
2534	3543
2535	3542
2536	3541
2537	3540
2538	3539
2539	3538
2540	3537
2541	3536
2542	3535
2543	3534
2544	3533
2545	3532
2546	3531
2547	3530
2548	3529
2549	3528
2550	3527
2551	3526
2552	3525
2553	3524
2554	3523
2555	3522
2556	3521
2557	3520
2558	3519
2559	3518
2560	3517
2561	3516
2562	3515
2563	3514
2564	3513
2565	3512
2566	3511
2567	3510
2568	3509
2569	3508
2570	3507
2571	3506
2572	3505
2573	3504
2574	3503
2575	3502
2576	3501
2577	3500
2578	3499
2579	3498
2580	3497
2581	3496
2582	3495
2583	3494
2584	3493
2585	3492
2586	3491
2587	3490
2588	3489
2589	3488
2590	3487
2591	3486
2592	3485
2593	3484
2594	3483
2595	3482
2596	3481
2597	3480
2598	3479
2599	3478
2600	3477
2601	3476
2602	3475
2603	3474
2604	3473
2605	3472
2606	3471
2607	3470
2608	3469
2609	3468
2610	-1
2611	3466
2612	3465
2613	3464
2614	3463
2615	3462
2616	3461
2617	3460
2618	3459
2619	3458
2620	3457
2621	3456
2622	3455
2623	3454
2624	3453
2625	3452
2626	3451
2627	3450
2628	3449
2629	3448
2630	3447
2631	3446
2632	3445
2633	3444
2634	3443
2635	3442
2636	3441
2637	3440
2638	3439
2639	3438
2640	3437
2641	3436
2642	3435
2643	3434
2644	3433
2645	3432
2646	3431
2647	3430
2648	3429
2649	3428
2650	3427
2651	3426
2652	3425
2653	3424
2654	3423
2655	3422
2656	3421
2657	3420
2658	3419
2659	3418
2660	3417
2661	3416
2662	3415
2663	3414
2664	3413
2665	3412
2666	3411
2667	3410
2668	3409
2669	3408
2670	3407
2671	3406
2672	3405
2673	3404
2674	3403
2675	3402
2676	3401
2677	3400
2678	3399
2679	3398
2680	3397
2681	3396
2682	3395
2683	3394
2684	3393
2685	3392
2686	3391
2687	3390
2688	3389
2689	3388
2690	3387
2691	3386
2692	3385
2693	3384
2694	3383
2695	3382
2696	3381
2697	3380
2698	3379
2699	3378
2700	3377
2701	3376
2702	3375
2703	3374
2704	3373
2705	3372
2706	3371
2707	3370
2708	3369
2709	3368
2710	3367
2711	3366
2712	3365
2713	3364
2714	3363
2715	3362
2716	3361
2717	3360
2718	3359
2719	3358
2720	3357
2721	3356
2722	3355
2723	3354
2724	3353
2725	3352
2726	3351
2727	3350
2728	3349
2729	3348
2730	3347
2731	3346
2732	3345
2733	3344
2734	3343
2735	3342
2736	3341
2737	3340
2738	3339
2739	3338
2740	3337
2741	3336
2742	3335
2743	3334
2744	3333
2745	3332
2746	3331
2747	3330
2748	3329
2749	3328
2750	3327
2751	3326
2752	3325
2753	3324
2754	3323
2755	3322
2756	3321
2757	3320
2758	3319
2759	3318
2760	3317
2761	3316
2762	3315
2763	3314
2764	3313
2765	3312
2766	3311
2767	3310
2768	3309
2769	3308
2770	3307
2771	3306
2772	3305
2773	3304
2774	3303
2775	3302
2776	3301
2777	3300
2778	3299
2779	3298
2780	3297
2781	3296
2782	3295
2783	3294
2784	3293
2785	3292
2786	3291
2787	3290
2788	3289
2789	3288
2790	3287
2791	3286
2792	3285
2793	3284
2794	3283
2795	3282
2796	3281
2797	3280
2798	3279
2799	3278
2800	3277
2801	3276
2802	3275
2803	3274
2804	3273
2805	3272
2806	3271
2807	3270
2808	3269
2809	3268
2810	3267
2811	3266
2812	3265
2813	3264
2814	3263
2815	3262
2816	3261
2817	3260
2818	3259
2819	3258
2820	3257
2821	3256
2822	3255
2823	3254
2824	3253
2825	3252
2826	3251
2827	3250
2828	3249
2829	3248
2830	3247
2831	3246
2832	3245
2833	3244
2834	3243
2835	3242
2836	3241
2837	3240
2838	3239
2839	3238
2840	3237
2841	3236
2842	3235
2843	3234
2844	3233
2845	3232
2846	3231
2847	3230
2848	3229
2849	3228
2850	3227
2851	3226
2852	3225
2853	3224
2854	3223
2855	3222
2856	3221
2857	3220
2858	3219
2859	3218
2860	3217
2861	3216
2862	3215
2863	3214
2864	3213
2865	3212
2866	3211
2867	3210
2868	3209
2869	3208
2870	3207
2871	3206
2872	3205
2873	3204
2874	3203
2875	3202
2876	3201
2877	3200
2878	3199
2879	3198
2880	3197
2881	3196
2882	3195
2883	3194
2884	3193
2885	3192
2886	3191
2887	3190
2888	3189
2889	3188
2890	3187
2891	3186
2892	3185
2893	3184
2894	3183
2895	3182
2896	3181
2897	3180
2898	3179
2899	3178
2900	3177
2901	3176
2902	3175
2903	3174
2904	3173
2905	3172
2906	3171
2907	3170
2908	3169
2909	3168
2910	3167
2911	3166
2912	3165
2913	3164
2914	3163
2915	3162
2916	3161
2917	3160
2918	3159
2919	3158
2920	3157
2921	3156
2922	3155
2923	3154
2924	3153
2925	3152
2926	3151
2927	3150
2928	3149
2929	3148
2930	3147
2931	3146
2932	3145
2933	3144
2934	3143
2935	3142
2936	3141
2937	3140
2938	3139
2939	3138
2940	3137
2941	3136
2942	3135
2943	3134
2944	3133
2945	3132
2946	3131
2947	3130
2948	3129
2949	3128
2950	3127
2951	3126
2952	3125
2953	3124
2954	3123
2955	3122
2956	3121
2957	-1
2958	3119
2959	3118
2960	3117
2961	3116
2962	3115
2963	3114
2964	3113
2965	3112
2966	3111
2967	3110
2968	3109
2969	3108
2970	3107
2971	3106
2972	3105
2973	3104
2974	3103
2975	3102
2976	3101
2977	3100
2978	3099
2979	3098
2980	-1
2981	3096
2982	3095
2983	3094
2984	3093
2985	3092
2986	3091
2987	3090
2988	3089
2989	3088
2990	3087
2991	3086
2992	3085
2993	3084
2994	3083
2995	3082
2996	3081
2997	3080
2998	3079
2999	3078
3001	3077
3002	3076
3003	3075
3004	3074
3005	3073
3006	3072
3007	3071
3008	3070
3009	3069
3010	3068
3011	3067
3012	3066
3013	3065
3014	3064
3015	3063
3016	3062
3017	3061
3018	3060
3019	3059
3020	3058
3021	-1
3022	3056
3023	3055
3024	3054
3025	3053
3026	3052
3027	3051
3028	3050
3029	3049
3030	3048
3031	3047
3032	3046
3033	3045
3034	3044
3035	3043
3036	3042
3037	3041
3038	3040
3039	3039
3040	3038
3041	3037
3042	3036
3043	3035
3044	3034
3045	3033
3046	3032
3047	3031
3048	3030
3049	3029
3050	3028
3051	3027
3052	3026
3053	3025
3054	3024
3055	3023
3056	3022
3057	3021
3058	3020
3059	3019
3060	3018
3061	3017
3062	3016
3063	3015
3064	3014
3065	3013
3066	3012
3067	3011
3068	3010
3069	3009
3070	3008
3071	3007
3072	3006
3073	3005
3074	3004
3075	3003
3076	3002
3077	3001
3078	3000
3079	2999
3080	2998
3081	2997
3082	2996
3083	2995
3084	2994
3085	2993
3086	2992
3087	2991
3088	2990
3089	2989
3090	2988
3091	2987
3092	2986
3093	2985
3094	2984
3095	2983
3096	2982
3097	2981
3098	2980
3099	2979
3100	2978
3101	2977
3102	2976
3103	2975
3104	-1
3105	2973
3106	2972
3107	2971
3108	2970
3109	2969
3110	2968
3111	2967
3112	2966
3113	2965
3114	2964
3115	2963
3116	2962
3117	2961
3118	2960
3119	2959
3120	2958
3121	2957
3122	2956
3123	2955
3124	2954
3125	2953
3126	2952
3127	2951
3128	2950
3129	2949
3130	2948
3131	2947
3132	2946
3133	2945
3134	2944
3135	2943
3136	2942
3137	2941
3138	2940
3139	2939
3140	2938
3141	2937
3142	2936
3143	2935
3144	2934
3145	2933
3146	2932
3147	2931
3148	2930
3149	2929
3150	2928
3151	2927
3152	2926
3153	2925
3154	2924
3155	2923
3156	2922
3157	2921
3158	2920
3159	2919
3160	2918
3161	2917
3162	2916
3163	2915
3164	2914
3165	2913
3166	2912
3167	-1
3168	2910
3169	2909
3170	2908
3171	2907
3172	2906
3173	2905
3174	2904
3175	2903
3176	2902
3177	2901
3178	2900
3179	2899
3180	2898
3181	2897
3182	2896
3183	2895
3184	2894
3185	2893
3186	2892
3187	2891
3188	2890
3189	2889
3190	2888
3191	2887
3192	2886
3193	2885
3194	2884
3195	2883
3196	2882
3197	2881
3198	2880
3199	2879
3200	2878
3201	2877
3202	2876
3203	2875
3204	2874
3205	2873
3206	2872
3207	2871
3208	2870
3209	2869
3210	2868
3211	2867
3212	2866
3213	2865
3214	2864
3215	2863
3216	2862
3217	2861
3218	2860
3219	2859
3220	2858
3221	2857
3222	2856
3223	-1
3224	2854
3225	2853
3226	2852
3227	2851
3228	2850
3229	2849
3230	2848
3231	2847
3232	2846
3233	2845
3234	2844
3235	2843
3236	2842
3237	2841
3238	2840
3239	2839
3240	2838
3241	2837
3242	2836
3243	2835
3244	2834
3245	2833
3246	2832
3247	2831
3248	2830
3249	2829
3250	2828
3251	2827
3252	2826
3253	2825
3254	2824
3255	2823
3256	2822
3257	2821
3258	2820
3259	2819
3260	2818
3261	2817
3262	2816
3263	2815
3264	2814
3265	2813
3266	2812
3267	2811
3268	-1
3269	2809
3270	2808
3271	2807
3272	2806
3273	2805
3274	2804
3275	2803
3276	2802
3277	2801
3278	2800
3279	2799
3280	2798
3281	2797
3282	2796
3283	2795
3284	2794
3285	2793
3286	2792
3287	2791
3288	2790
3289	2789
3290	2788
3291	2787
3292	2786
3293	2785
3294	2784
3295	2783
3296	2782
3297	2781
3298	2780
3299	2779
3300	2778
3301	2777
3302	2776
3303	2775
3304	2774
3305	2773
3306	2772
3307	2771
3308	2770
3309	2769
3310	2768
3311	2767
3312	2766
3313	2765
3314	2764
3315	2763
3316	2762
3317	2761
3318	2760
3319	2759
3320	2758
3321	2757
3322	2756
3323	2755
3324	2754
3325	2753
3326	2752
3327	2751
3328	2750
3329	2749
3330	2748
3331	2747
3332	2746
3333	2745
3334	2744
3335	2743
3336	2742
3337	2741
3338	2740
3339	2739
3340	2738
3341	2737
3342	2736
3343	2735
3344	2734
3345	2733
3346	2732
3347	2731
3348	2730
3349	2729
3350	2728
3351	2727
3352	2726
3353	2725
3354	2724
3355	2723
3356	2722
3357	2721
3358	2720
3359	2719
3360	2718
3361	2717
3362	2716
3363	2715
3364	2714
3365	2713
3366	2712
3367	2711
3368	2710
3369	2709
3370	2708
3371	2707
3372	2706
3373	2705
3374	2704
3375	2703
3376	2702
3377	2701
3378	2700
3379	2699
3380	2698
3381	2697
3382	2696
3383	2695
3384	2694
3385	2693
3386	2692
3387	2691
3388	2690
3389	2689
3390	2688
3391	2687
3392	2686
3393	2685
3394	2684
3395	2683
3396	2682
3397	2681
3398	2680
3399	2679
3400	2678
3401	2677
3402	2676
3403	2675
3404	2674
3405	2673
3406	2672
3407	2671
3408	2670
3409	2669
3410	2668
3411	2667
3412	2666
3413	2665
3414	2664
3415	2663
3416	2662
3417	2661
3418	2660
3419	2659
3420	2658
3421	2657
3422	2656
3423	2655
3424	2654
3425	2653
3426	2652
3427	2651
3428	2650
3429	2649
3430	2648
3431	2647
3432	2646
3433	2645
3434	2644
3435	2643
3436	2642
3437	2641
3438	2640
3439	2639
3440	2638
3441	2637
3442	2636
3443	2635
3444	2634
3445	2633
3446	2632
3447	2631
3448	2630
3449	2629
3450	2628
3451	2627
3452	2626
3453	2625
3454	2624
3455	2623
3456	2622
3457	2621
3458	2620
3459	2619
3460	2618
3461	2617
3462	2616
3463	2615
3464	2614
3465	2613
3466	2612
3467	2611
3468	2610
3469	2609
3470	2608
3471	2607
3472	2606
3473	2605
3474	2604
3475	2603
3476	-1
3477	2601
3478	2600
3479	2599
3480	2598
3481	2597
3482	2596
3483	2595
3484	2594
3485	2593
3486	2592
3487	2591
3488	2590
3489	2589
3490	2588
3491	2587
3492	2586
3493	2585
3494	2584
3495	2583
3496	2582
3497	2581
3498	2580
3499	2579
3500	2578
3501	2577
3502	2576
3503	2575
3504	2574
3505	2573
3506	2572
3507	2571
3508	2570
3509	2569
3510	2568
3511	2567
3512	2566
3513	2565
3514	2564
3515	2563
3516	2562
3517	2561
3518	2560
3519	2559
3520	2558
3521	2557
3522	2556
3523	2555
3524	2554
3525	2553
3526	2552
3527	2551
3528	2550
3529	2549
3530	2548
3531	2547
3532	2546
3533	2545
3534	2544
3535	2543
3536	2542
3537	2541
3538	2540
3539	2539
3540	2538
3541	2537
3542	2536
3543	2535
3544	2534
3545	2533
3546	2532
3547	2531
3548	2530
3549	2529
3550	2528
3551	2527
3552	2526
3553	2525
3554	2524
3555	2523
3556	2522
3557	2521
3558	2520
3559	2519
3560	2518
3561	2517
3562	2516
3563	2515
3564	2514
3565	2513
3566	2512
3567	2511
3568	2510
3569	2509
3570	2508
3571	2507
3572	2506
3573	2505
3574	2504
3575	2503
3576	2502
3577	2501
3578	2500
3579	2499
3580	2498
3581	2497
3582	2496
3583	2495
3584	2494
3585	2493
3586	2492
3587	2491
3588	2490
3589	2489
3590	2488
3591	2487
3592	2486
3593	2485
3594	2484
3595	2483
3596	2482
3597	2481
3598	2480
3599	2479
3600	2478
3601	2477
3602	2476
3603	2475
3604	2474
3605	2473
3606	2472
3607	2471
3608	2470
3609	2469
3610	2468
3611	2467
3612	2466
3613	2465
3614	2464
3615	2463
3616	2462
3617	2461
3618	2460
3619	2459
3620	2458
3621	2457
3622	2456
3623	2455
3624	2454
3625	2453
3626	2452
3627	2451
3628	2450
3629	2449
3630	2448
3631	2447
3632	2446
3633	2445
3634	2444
3635	2443
3636	2442
3637	2441
3638	2440
3639	2439
3640	2438
3641	2437
3642	2436
3643	2435
3644	2434
3645	2433
3646	2432
3647	2431
3648	2430
3649	2429
3650	2428
3651	2427
3652	2426
3653	2425
3654	2424
3655	2423
3656	2422
3657	2421
3658	2420
3659	2419
3660	2418
3661	2417
3662	2416
3663	2415
3664	2414
3665	2413
3666	2412
3667	2411
3668	2410
3669	2409
3670	2408
3671	2407
3672	2406
3673	2405
3674	2404
3675	2403
3676	2402
3677	2401
3678	2400
3679	2399
3680	2398
3681	2397
3682	2396
3683	2395
3684	2394
3685	2393
3686	2392
3687	2391
3688	2390
3689	2389
3690	2388
3691	2387
3692	2386
3693	2385
3694	2384
3695	2383
3696	2382
3697	2381
3698	2380
3699	2379
3700	2378
3701	2377
3702	2376
3703	2375
3704	2374
3705	2373
3706	2372
3707	-1
3708	2370
3709	2369
3710	2368
3711	2367
3712	2366
3713	2365
3714	2364
3715	2363
3716	2362
3717	2361
3718	2360
3719	2359
3720	2358
3721	2357
3722	2356
3723	2355
3724	2354
3725	2353
3726	2352
3727	2351
3728	2350
3729	2349
3730	2348
3731	2347
3732	2346
3733	2345
3734	2344
3735	2343
3736	2342
3737	2341
3738	2340
3739	2339
3740	2338
3741	2337
3742	2336
3743	2335
3744	2334
3745	2333
3746	2332
3747	2331
3748	2330
3749	2329
3750	2328
3751	2327
3752	2326
3753	2325
3754	2324
3755	2323
3756	2322
3757	2321
3758	2320
3759	2319
3760	2318
3761	2317
3762	2316
3763	2315
3764	2314
3765	2313
3766	2312
3767	2311
3768	2310
3769	2309
3770	2308
3771	2307
3772	2306
3773	2305
3774	2304
3775	2303
3776	2302
3777	2301
3778	2300
3779	2299
3780	2298
3781	2297
3782	2296
3783	2295
3784	-1
3785	2293
3786	2292
3787	2291
3788	2290
3789	2289
3790	2288
3791	2287
3792	2286
3793	2285
3794	2284
3795	2283
3796	2282
3797	2281
3798	2280
3799	2279
3800	2278
3801	2277
3802	2276
3803	2275
3804	2274
3805	2273
3806	2272
3807	2271
3808	2270
3809	2269
3810	2268
3811	2267
3812	2266
3813	2265
3814	2264
3815	2263
3816	2262
3817	2261
3818	2260
3819	2259
3820	2258
3821	2257
3822	2256
3823	2255
3824	2254
3825	2253
3826	2252
3827	2251
3828	2250
3829	2249
3830	2248
3831	-1
3832	2246
3833	2245
3834	2244
3835	2243
3836	2242
3837	2241
3838	2240
3839	2239
3840	2238
3841	2237
3842	2236
3843	2235
3844	2234
3845	2233
3846	2232
3847	2231
3848	2230
3849	2229
3850	2228
3851	2227
3852	2226
3853	2225
3854	2224
3855	2223
3856	2222
3857	2221
3858	2220
3859	2219
3860	2218
3861	2217
3862	2216
3863	2215
3864	2214
3865	2213
3866	2212
3867	2211
3868	2210
3869	2209
3870	2208
3871	2207
3872	2206
3873	2205
3874	2204
3875	2203
3876	2202
3877	2201
3878	2200
3879	2199
3880	2198
3881	2197
3882	2196
3883	2195
3884	2194
3885	2193
3886	2192
3887	2191
3888	2190
3889	2189
3890	2188
3891	2187
3892	2186
3893	2185
3894	2184
3895	2183
3896	2182
3897	2181
3898	2180
3899	2179
3900	2178
3901	2177
3902	2176
3903	2175
3904	2174
3905	2173
3906	2172
3907	2171
3908	2170
3909	2169
3910	2168
3911	2167
3912	2166
3913	2165
3914	2164
3915	2163
3916	2162
3917	2161
3918	2160
3919	2159
3920	2158
3921	2157
3922	2156
3923	2155
3924	2154
3925	2153
3926	2152
3927	2151
3928	2150
3929	2149
3930	2148
3931	2147
3932	2146
3933	2145
3934	-1
3935	2143
3936	2142
3937	2141
3938	2140
3939	2139
3940	2138
3941	2137
3942	2136
3943	2135
3944	2134
3945	2133
3946	2132
3947	2131
3948	2130
3949	2129
3950	2128
3951	2127
3952	2126
3953	2125
3954	2124
3955	2123
3956	2122
3957	2121
3958	2120
3959	2119
3960	2118
3961	2117
3962	2116
3963	2115
3964	2114
3965	2113
3966	2112
3967	2111
3968	2110
3969	2109
3970	2108
3971	2107
3972	2106
3973	2105
3974	2104
3975	2103
3976	2102
3977	2101
3978	2100
3979	2099
3980	2098
3981	2097
3982	2096
3983	2095
3984	2094
3985	2093
3986	2092
3987	2091
3988	2090
3989	2089
3990	2088
3991	2087
3992	2086
3993	2085
3994	2084
3995	2083
3996	2082
3997	2081
3998	2080
3999	2079
4001	2078
4002	2077
4003	2076
4004	2075
4005	2074
4006	2073
4007	2072
4008	2071
4009	2070
4010	2069
4011	2068
4012	2067
4013	2066
4014	2065
4015	2064
4016	2063
4017	2062
4018	2061
4019	2060
4020	2059
4021	2058
4022	2057
4023	2056
4024	2055
4025	2054
4026	2053
4027	2052
4028	2051
4029	2050
4030	2049
4031	2048
4032	2047
4033	2046
4034	2045
4035	2044
4036	2043
4037	2042
4038	2041
4039	2040
4040	2039
4041	2038
4042	2037
4043	2036
4044	2035
4045	2034
4046	2033
4047	2032
4048	2031
4049	2030
4050	2029
4051	-1
4052	2027
4053	2026
4054	2025
4055	2024
4056	2023
4057	2022
4058	2021
4059	2020
4060	2019
4061	2018
4062	2017
4063	2016
4064	2015
4065	2014
4066	2013
4067	2012
4068	2011
4069	2010
4070	2009
4071	2008
4072	2007
4073	2006
4074	2005
4075	2004
4076	2003
4077	2002
4078	2001
4079	2000
4080	1999
4081	1998
4082	1997
4083	1996
4084	1995
4085	1994
4086	1993
4087	1992
4088	1991
4089	1990
4090	1989
4091	1988
4092	1987
4093	1986
4094	1985
4095	1984
4096	1983
4097	1982
4098	1981
4099	1980
4100	1979
4101	1978
4102	1977
4103	1976
4104	1975
4105	1974
4106	1973
4107	1972
4108	1971
4109	1970
4110	1969
4111	1968
4112	1967
4113	1966
4114	1965
4115	1964
4116	1963
4117	1962
4118	1961
4119	1960
4120	1959
4121	1958
4122	1957
4123	1956
4124	1955
4125	1954
4126	1953
4127	1952
4128	1951
4129	1950
4130	1949
4131	1948
4132	1947
4133	1946
4134	1945
4135	1944
4136	1943
4137	1942
4138	1941
4139	1940
4140	1939
4141	1938
4142	1937
4143	1936
4144	1935
4145	1934
4146	1933
4147	1932
4148	1931
4149	1930
4150	1929
4151	1928
4152	1927
4153	1926
4154	1925
4155	1924
4156	1923
4157	1922
4158	1921
4159	1920
4160	1919
4161	1918
4162	1917
4163	1916
4164	1915
4165	1914
4166	1913
4167	1912
4168	1911
4169	1910
4170	1909
4171	1908
4172	1907
4173	1906
4174	1905
4175	1904
4176	1903
4177	1902
4178	1901
4179	1900
4180	1899
4181	1898
4182	1897
4183	1896
4184	1895
4185	1894
4186	1893
4187	1892
4188	1891
4189	1890
4190	1889
4191	1888
4192	1887
4193	1886
4194	1885
4195	1884
4196	1883
4197	1882
4198	1881
4199	1880
4200	1879
4201	1878
4202	1877
4203	1876
4204	1875
4205	1874
4206	1873
4207	1872
4208	1871
4209	1870
4210	1869
4211	1868
4212	1867
4213	1866
4214	1865
4215	1864
4216	1863
4217	1862
4218	1861
4219	1860
4220	1859
4221	1858
4222	1857
4223	1856
4224	1855
4225	1854
4226	1853
4227	1852
4228	1851
4229	1850
4230	1849
4231	1848
4232	1847
4233	1846
4234	1845
4235	1844
4236	1843
4237	1842
4238	1841
4239	1840
4240	1839
4241	1838
4242	1837
4243	1836
4244	1835
4245	1834
4246	1833
4247	1832
4248	1831
4249	1830
4250	1829
4251	1828
4252	1827
4253	1826
4254	1825
4255	1824
4256	1823
4257	1822
4258	1821
4259	1820
4260	1819
4261	1818
4262	1817
4263	1816
4264	1815
4265	1814
4266	1813
4267	1812
4268	1811
4269	1810
4270	1809
4271	1808
4272	1807
4273	1806
4274	1805
4275	1804
4276	1803
4277	1802
4278	1801
4279	1800
4280	1799
4281	1798
4282	1797
4283	1796
4284	1795
4285	1794
4286	1793
4287	1792
4288	1791
4289	1790
4290	1789
4291	1788
4292	1787
4293	1786
4294	1785
4295	1784
4296	1783
4297	1782
4298	1781
4299	1780
4300	1779
4301	1778
4302	1777
4303	1776
4304	1775
4305	1774
4306	1773
4307	1772
4308	1771
4309	1770
4310	1769
4311	1768
4312	1767
4313	1766
4314	1765
4315	1764
4316	1763
4317	1762
4318	1761
4319	1760
4320	1759
4321	1758
4322	1757
4323	1756
4324	1755
4325	1754
4326	1753
4327	1752
4328	1751
4329	1750
4330	1749
4331	1748
4332	1747
4333	1746
4334	1745
4335	1744
4336	1743
4337	1742
4338	1741
4339	1740
4340	1739
4341	1738
4342	1737
4343	1736
4344	1735
4345	1734
4346	1733
4347	1732
4348	1731
4349	1730
4350	1729
4351	1728
4352	1727
4353	1726
4354	1725
4355	1724
4356	1723
4357	1722
4358	1721
4359	1720
4360	1719
4361	1718
4362	1717
4363	1716
4364	1715
4365	1714
4366	1713
4367	1712
4368	1711
4369	1710
4370	1709
4371	1708
4372	1707
4373	1706
4374	1705
4375	1704
4376	1703
4377	1702
4378	1701
4379	1700
4380	1699
4381	1698
4382	1697
4383	1696
4384	1695
4385	1694
4386	1693
4387	1692
4388	1691
4389	1690
4390	1689
4391	1688
4392	1687
4393	1686
4394	1685
4395	1684
4396	1683
4397	1682
4398	1681
4399	1680
4400	1679
4401	1678
4402	1677
4403	1676
4404	1675
4405	1674
4406	1673
4407	1672
4408	1671
4409	1670
4410	1669
4411	1668
4412	1667
4413	1666
4414	1665
4415	1664
4416	1663
4417	1662
4418	1661
4419	1660
4420	1659
4421	1658
4422	1657
4423	1656
4424	1655
4425	1654
4426	1653
4427	1652
4428	1651
4429	1650
4430	1649
4431	1648
4432	1647
4433	1646
4434	1645
4435	1644
4436	1643
4437	1642
4438	1641
4439	1640
4440	1639
4441	1638
4442	1637
4443	1636
4444	1635
4445	1634
4446	1633
4447	1632
4448	1631
4449	1630
4450	1629
4451	1628
4452	1627
4453	1626
4454	1625
4455	1624
4456	1623
4457	1622
4458	1621
4459	1620
4460	1619
4461	1618
4462	1617
4463	1616
4464	1615
4465	1614
4466	1613
4467	1612
4468	1611
4469	1610
4470	1609
4471	1608
4472	-1
4473	1606
4474	1605
4475	1604
4476	1603
4477	1602
4478	1601
4479	1600
4480	1599
4481	1598
4482	1597
4483	1596
4484	1595
4485	1594
4486	1593
4487	1592
4488	1591
4489	1590
4490	1589
4491	1588
4492	1587
4493	1586
4494	1585
4495	1584
4496	1583
4497	1582
4498	1581
4499	1580
4500	1579
4501	1578
4502	1577
4503	1576
4504	1575
4505	1574
4506	1573
4507	1572
4508	1571
4509	1570
4510	1569
4511	1568
4512	1567
4513	1566
4514	1565
4515	1564
4516	1563
4517	1562
4518	1561
4519	1560
4520	1559
4521	1558
4522	1557
4523	1556
4524	1555
4525	1554
4526	1553
4527	1552
4528	1551
4529	1550
4530	1549
4531	1548
4532	1547
4533	1546
4534	1545
4535	1544
4536	1543
4537	1542
4538	1541
4539	1540
4540	1539
4541	1538
4542	1537
4543	1536
4544	1535
4545	1534
4546	1533
4547	1532
4548	1531
4549	1530
4550	1529
4551	1528
4552	1527
4553	1526
4554	1525
4555	1524
4556	1523
4557	1522
4558	1521
4559	1520
4560	1519
4561	1518
4562	1517
4563	1516
4564	1515
4565	1514
4566	1513
4567	1512
4568	1511
4569	1510
4570	1509
4571	1508
4572	1507
4573	1506
4574	1505
4575	1504
4576	1503
4577	1502
4578	1501
4579	1500
4580	1499
4581	1498
4582	1497
4583	1496
4584	1495
4585	1494
4586	1493
4587	1492
4588	1491
4589	1490
4590	1489
4591	1488
4592	1487
4593	1486
4594	1485
4595	1484
4596	1483
4597	1482
4598	1481
4599	1480
4600	1479
4601	1478
4602	1477
4603	1476
4604	1475
4605	1474
4606	1473
4607	1472
4608	1471
4609	1470
4610	1469
4611	1468
4612	1467
4613	1466
4614	1465
4615	1464
4616	1463
4617	1462
4618	1461
4619	1460
4620	1459
4621	1458
4622	1457
4623	1456
4624	1455
4625	1454
4626	1453
4627	1452
4628	1451
4629	1450
4630	1449
4631	1448
4632	1447
4633	1446
4634	1445
4635	1444
4636	1443
4637	1442
4638	1441
4639	1440
4640	1439
4641	1438
4642	1437
4643	1436
4644	1435
4645	1434
4646	1433
4647	1432
4648	1431
4649	1430
4650	1429
4651	1428
4652	1427
4653	1426
4654	1425
4655	1424
4656	1423
4657	1422
4658	1421
4659	1420
4660	1419
4661	1418
4662	1417
4663	1416
4664	1415
4665	1414
4666	1413
4667	1412
4668	1411
4669	1410
4670	1409
4671	-1
4672	1407
4673	1406
4674	1405
4675	1404
4676	1403
4677	1402
4678	1401
4679	1400
4680	1399
4681	1398
4682	1397
4683	1396
4684	1395
4685	1394
4686	1393
4687	1392
4688	1391
4689	1390
4690	1389
4691	1388
4692	1387
4693	1386
4694	1385
4695	1384
4696	1383
4697	1382
4698	1381
4699	1380
4700	1379
4701	1378
4702	1377
4703	1376
4704	1375
4705	1374
4706	1373
4707	1372
4708	1371
4709	1370
4710	1369
4711	1368
4712	1367
4713	1366
4714	1365
4715	1364
4716	1363
4717	1362
4718	1361
4719	1360
4720	1359
4721	1358
4722	1357
4723	1356
4724	1355
4725	1354
4726	1353
4727	1352
4728	1351
4729	1350
4730	1349
4731	1348
4732	1347
4733	1346
4734	1345
4735	1344
4736	1343
4737	1342
4738	1341
4739	1340
4740	1339
4741	1338
4742	1337
4743	1336
4744	1335
4745	1334
4746	1333
4747	1332
4748	1331
4749	1330
4750	1329
4751	1328
4752	1327
4753	1326
4754	1325
4755	1324
4756	1323
4757	-1
4758	1321
4759	1320
4760	1319
4761	1318
4762	1317
4763	1316
4764	1315
4765	1314
4766	1313
4767	1312
4768	1311
4769	1310
4770	1309
4771	1308
4772	1307
4773	1306
4774	1305
4775	1304
4776	1303
4777	1302
4778	1301
4779	1300
4780	1299
4781	1298
4782	1297
4783	1296
4784	1295
4785	1294
4786	1293
4787	1292
4788	1291
4789	1290
4790	1289
4791	1288
4792	1287
4793	1286
4794	1285
4795	1284
4796	1283
4797	-1
