cdp=851,1351,1851,2351,2851,3351,3851,4351,4851,5351 \
tnmo=2.10849,3.26035,4.29507,12.2605 \
vnmo=1443.42,1502.04,1667.04,1777.76 \
tnmo=0.0229787,0.486383,0.605106,0.704681,0.922979,1.14511,12.2669 \
vnmo=1523,1526,1715,1823,2099,2144,2315.79 \
tnmo=0.0212632,0.518821,0.782484,0.867537,1.13971,1.52669,1.7776,2.04552,12.2541 \
vnmo=1484.21,1452.63,1531.58,1636.84,1878.95,2031.58,2178.95,2326.32,2405.26 \
tnmo=0.550207,0.79911,1.08731,1.59167,1.93227,2.30563,2.50213,12.2214 \
vnmo=1441.05,1539.58,1610.74,1835.16,2051.37,2221.05,2349.68,2452.63 \
tnmo=0.992941,1.63701,1.91208,2.30121,12.28 \
vnmo=1458,1577.05,1751.05,2175.37,2357.89 \
tnmo=1.90828,2.31379,3.08621,3.85379,4.77103,12.2672 \
vnmo=1414.11,1452.89,1565.74,1749.11,1978.32,2194.74 \
tnmo=0.0776396,3.29968,4.1796,5.65475,8.59212,12.28 \
vnmo=1421.05,1413.16,1531.58,1684.21,1981.58,2168.42 \
tnmo=4.00464,4.69831,5.48447,5.80241,6.3689,7.60595,12.28 \
vnmo=1424.42,1494.63,1598.42,1632,1705.26,1949.47,2173.68 \
tnmo=4.49806,5.47924,5.8907,7.24536,7.91636,8.39745,8.83424,12.2542 \
vnmo=1429.84,1489.53,1613.16,1749.58,1911.58,2065.05,2384.79,2521.05 \
tnmo=4.82468,5.75721,6.50793,7.44046,8.36713,12.2541 \
vnmo=1419.37,1487.16,1542.84,1845.47,1995.58,2226.32 \
