0 0 656 0
5 5 656 0
10 10 656 0
15 15 656 0
20 20 656 0
25 25 656 0
30 30 656 0
35 35 656 0
40 40 656 0
45 45 656 0
50 50 656 0
55 55 656 0
60 60 656 0
65 65 656 0
70 70 656 0
75 75 656 0
80 80 656 0
85 85 656 0
90 90 656 0
95 95 656 0
100 100 656 0
105 105 656 0
110 110 656 0
115 115 656 0
120 120 656 0
125 125 656 0
130 130 656 0
135 135 656 0
140 140 656 0
145 145 656 0
150 150 656 0
155 155 656 0
160 160 656 0
165 165 656 0
170 170 656 0
175 175 656 0
180 180 656 0
185 185 656 0
190 190 656 0
195 195 656 0
200 200 656 0
205 205 656 0
210 210 656 0
215 215 656 0
220 220 656 0
225 225 656 0
230 230 656 0
235 235 656 0
240 240 656 0
245 245 656 0
250 250 656 0
255 255 656 0
260 260 656 0
265 265 656 0
270 270 656 0
275 275 656 0
280 280 656 0
285 285 656 0
290 290 656 0
295 295 656 0
300 300 656 0
305 305 656 0
310 310 656 0
315 315 656 0
320 320 656 0
325 325 656 0
330 330 656 0
335 335 656 0
340 340 656 0
345 345 656 0
350 350 656 0
355 355 656 0
360 360 656 0
365 365 656 0
370 370 656 0
375 375 656 0
380 380 656 0
385 385 656 0
390 390 656 0
395 395 656 0
400 400 656 0
405 405 656 0
410 410 656 0
415 415 656 0
420 420 656 0
425 425 656 0
430 430 656 0
435 435 656 0
440 440 656 0
445 445 656 0
450 450 656 0
455 455 656 0
460 460 656 0
465 465 656 0
470 470 656 0
475 475 656 0
480 480 656 0
485 485 656 0
490 490 656 0
495 495 656 0
500 500 656 0
505 505 656 0
510 510 656 0
515 515 656 0
520 520 656 0
525 525 656 0
530 530 656 0
535 535 656 0
540 540 656 0
545 545 656 0
550 550 656 0
555 555 656 0
560 560 656 0
565 565 656 0
570 570 656 0
575 575 656 0
580 580 656 0
585 585 656 0
590 590 656 0
595 595 656 0
600 600 656 0
605 605 656 0
610 610 656 0
615 615 656 0
620 620 656 0
625 625 656 0
630 630 656 0
635 635 656 0
640 640 656 0
645 645 656 0
650 650 656 0
655 655 656 0
660 660 656 0
665 665 656 0
670 670 656 0
675 675 656 0
680 680 656 0
685 685 656 0
690 690 656 0
695 695 656 0
700 700 656 0
705 705 656 0
710 710 656 0
715 715 656 0
720 720 656 0
725 725 656 0
730 730 656 0
735 735 656 0
740 740 656 0
745 745 656 0
750 750 656 0
755 755 656 0
760 760 656 0
765 765 656 0
770 770 656 0
775 775 656 0
780 780 656 0
785 785 656 0
790 790 656 0
795 795 656 0
800 800 656 0
805 805 656 0
810 810 656 0
815 815 656 0
820 820 656 0
825 825 656 0
830 830 656 0
835 835 656 0
840 840 656 0
845 845 656 0
850 850 656 0
855 855 656 0
860 860 656 0
865 865 656 0
870 870 656 0
875 875 656 0
880 880 656 0
885 885 656 0
890 890 656 0
895 895 656 0
900 900 656 0
905 905 656 0
910 910 656 0
915 915 656 0
920 920 656 0
925 925 656 0
930 930 656 0
935 935 656 0
940 940 656 0
945 945 656 0
950 950 656 0
955 955 656 0
960 960 656 0
965 965 656 0
970 970 656 0
975 975 656 0
980 980 656 0
985 985 656 0
990 990 656 0
995 995 656 0
1000 1000 656 0
1005 1005 656 0
1010 1010 656 0
1015 1015 656 0
1020 1020 656 0
1025 1025 656 0
1030 1030 656 0
1035 1035 656 0
1040 1040 656 0
1045 1045 656 0
1050 1050 656 0
1055 1055 656 0
1060 1060 656 0
1065 1065 656 0
1070 1070 656 0
1075 1075 656 0
1080 1080 656 0
1085 1085 656 0
1090 1090 656 0
1095 1095 656 0
1100 1100 656 0
1105 1105 656 0
1110 1110 656 0
1115 1115 656 0
1120 1120 656 0
1125 1125 656 0
1130 1130 656 0
1135 1135 656 0
1140 1140 656 0
1145 1145 656 0
1150 1150 656 0
1155 1155 656 0
1160 1160 656 0
1165 1165 656 0
1170 1170 656 0
1175 1175 656 0
1180 1180 656 0
1185 1185 656 0
1190 1190 656 0
1195 1195 656 0
1200 1200 656 0
1205 1205 656 0
1210 1210 656 0
1215 1215 656 0
1220 1220 656 0
1225 1225 656 0
1230 1230 656 0
1235 1235 656 0
1240 1240 656 0
1245 1245 656 0
1250 1250 656 0
1255 1255 656 0
1260 1260 656 0
1265 1265 656 0
1270 1270 656 0
1275 1275 656 0
1280 1280 656 0
1285 1285 656 0
1290 1290 656 0
1295 1295 656 0
1300 1300 656 0
1305 1305 656 0
1310 1310 656 0
1315 1315 656 0
1320 1320 656 0
1325 1325 656 0
1330 1330 656 0
1335 1335 656 0
1340 1340 656 0
1345 1345 656 0
1350 1350 656 0
1355 1355 656 0
1360 1360 656 0
1365 1365 656 0
1370 1370 656 0
1375 1375 656 0
1380 1380 656 0
1385 1385 656 0
1390 1390 656 0
1395 1395 656 0
1400 1400 656 0
1405 1405 656 0
1410 1410 656 0
1415 1415 656 0
1420 1420 656 0
1425 1425 656 0
1430 1430 656 0
1435 1435 656 0
1440 1440 656 0
1445 1445 656 0
1450 1450 656 0
1455 1455 656 0
1460 1460 656 0
1465 1465 656 0
1470 1470 656 0
1475 1475 656 0
1480 1480 656 0
1485 1485 656 0
1490 1490 656 0
1495 1495 656 0
1500 1500 656 0
1505 1505 656 0
1510 1510 656 0
1515 1515 656 0
1520 1520 656 0
1525 1525 656 0
1530 1530 656 0
1535 1535 656 0
1540 1540 656 0
1545 1545 656 0
1550 1550 656 0
1555 1555 656 0
1560 1560 656 0
1565 1565 656 0
1570 1570 656 0
1575 1575 656 0
1580 1580 656 0
1585 1585 656 0
1590 1590 656 0
1595 1595 656 0
1600 1600 656 0
1605 1605 656 0
1610 1610 656 0
1615 1615 656 0
1620 1620 656 0
1625 1625 656 0
1630 1630 656 0
1635 1635 656 0
1640 1640 656 0
1645 1645 656 0
1650 1650 656 0
1655 1655 656 0
1660 1660 656 0
1665 1665 656 0
1670 1670 656 0
1675 1675 656 0
1680 1680 656 0
1685 1685 656 0
1690 1690 656 0
1695 1695 656 0
1700 1700 656 0
1705 1705 656 0
1710 1710 656 0
1715 1715 656 0
1720 1720 656 0
1725 1725 656 0
1730 1730 656 0
1735 1735 656 0
1740 1740 656 0
1745 1745 656 0
1750 1750 656 0
1755 1755 656 0
1760 1760 656 0
1765 1765 656 0
1770 1770 656 0
1775 1775 656 0
1780 1780 656 0
1785 1785 656 0
1790 1790 656 0
1795 1795 656 0
1800 1800 656 0
1805 1805 656 0
1810 1810 656 0
1815 1815 656 0
1820 1820 656 0
1825 1825 656 0
1830 1830 656 0
1835 1835 656 0
1840 1840 656 0
1845 1845 656 0
1850 1850 656 0
1855 1855 656 0
1860 1860 656 0
1865 1865 656 0
1870 1870 656 0
1875 1875 656 0
1880 1880 656 0
1885 1885 656 0
1890 1890 656 0
1895 1895 656 0
1900 1900 656 0
1905 1905 656 0
1910 1910 656 0
1915 1915 656 0
1920 1920 656 0
1925 1925 656 0
1930 1930 656 0
1935 1935 656 0
1940 1940 656 0
1945 1945 656 0
1950 1950 656 0
1955 1955 656 0
1960 1960 656 0
1965 1965 656 0
1970 1970 656 0
1975 1975 656 0
1980 1980 656 0
1985 1985 656 0
1990 1990 656 0
1995 1995 656 0
2000 2000 656 0
2005 2005 656 0
2010 2010 656 0
2015 2015 656 0
2020 2020 656 0
2025 2025 656 0
2030 2030 656 0
2035 2035 656 0
2040 2040 656 0
2045 2045 656 0
2050 2050 656 0
2055 2055 656 0
2060 2060 656 0
2065 2065 656 0
2070 2070 656 0
2075 2075 656 0
2080 2080 656 0
2085 2085 656 0
2090 2090 656 0
2095 2095 656 0
2100 2100 656 0
2105 2105 656 0
2110 2110 656 0
2115 2115 656 0
2120 2120 656 0
2125 2125 656 0
2130 2130 656 0
2135 2135 656 0
2140 2140 656 0
2145 2145 656 0
2150 2150 656 0
2155 2155 656 0
2160 2160 656 0
2165 2165 656 0
2170 2170 656 0
2175 2175 656 0
2180 2180 656 0
2185 2185 656 0
2190 2190 656 0
2195 2195 656 0
2200 2200 656 0
2205 2205 656 0
2210 2210 656 0
2215 2215 656 0
2220 2220 656 0
2225 2225 656 0
2230 2230 656 0
2235 2235 656 0
2240 2240 656 0
2245 2245 656 0
2250 2250 656 0
2255 2255 656 0
2260 2260 656 0
2265 2265 656 0
2270 2270 656 0
2275 2275 656 0
2280 2280 656 0
2285 2285 656 0
2290 2290 656 0
2295 2295 656 0
2300 2300 656 0
2305 2305 656 0
2310 2310 656 0
2315 2315 656 0
2320 2320 656 0
2325 2325 656 0
2330 2330 656 0
2335 2335 656 0
2340 2340 656 0
2345 2345 656 0
2350 2350 656 0
2355 2355 656 0
2360 2360 656 0
2365 2365 656 0
2370 2370 656 0
2375 2375 656 0
2380 2380 656 0
2385 2385 656 0
2390 2390 656 0
2395 2395 656 0
2400 2400 656 0
2405 2405 656 0
2410 2410 656 0
2415 2415 656 0
2420 2420 656 0
2425 2425 656 0
2430 2430 656 0
2435 2435 656 0
2440 2440 656 0
2445 2445 656 0
2450 2450 656 0
2455 2455 656 0
2460 2460 656 0
2465 2465 656 0
2470 2470 656 0
2475 2475 656 0
2480 2480 656 0
2485 2485 656 0
2490 2490 656 0
2495 2495 656 0
2500 2500 656 0
2505 2505 656 0
2510 2510 656 0
2515 2515 656 0
2520 2520 656 0
2525 2525 656 0
2530 2530 656 0
2535 2535 656 0
2540 2540 656 0
2545 2545 656 0
2550 2550 656 0
2555 2555 656 0
2560 2560 656 0
2565 2565 656 0
2570 2570 656 0
2575 2575 656 0
2580 2580 656 0
2585 2585 656 0
2590 2590 656 0
2595 2595 656 0
2600 2600 656 0
2605 2605 656 0
2610 2610 656 0
2615 2615 656 0
2620 2620 656 0
2625 2625 656 0
2630 2630 656 0
2635 2635 656 0
2640 2640 656 0
2645 2645 656 0
2650 2650 656 0
2655 2655 656 0
2660 2660 656 0
2665 2665 656 0
2670 2670 656 0
2675 2675 656 0
2680 2680 656 0
2685 2685 656 0
2690 2690 656 0
2695 2695 656 0
2700 2700 656 0
2705 2705 656 0
2710 2710 656 0
2715 2715 656 0
2720 2720 656 0
2725 2725 656 0
2730 2730 656 0
2735 2735 656 0
2740 2740 656 0
2745 2745 656 0
2750 2750 656 0
2755 2755 656 0
2760 2760 656 0
2765 2765 656 0
2770 2770 656 0
2775 2775 656 0
2780 2780 656 0
2785 2785 656 0
2790 2790 656 0
2795 2795 656 0
2800 2800 656 0
2805 2805 656 0
2810 2810 656 0
2815 2815 656 0
2820 2820 656 0
2825 2825 656 0
2830 2830 656 0
2835 2835 656 0
2840 2840 656 0
2845 2845 656 0
2850 2850 656 0
2855 2855 656 0
2860 2860 656 0
2865 2865 656 0
2870 2870 656 0
2875 2875 656 0
2880 2880 656 0
2885 2885 656 0
2890 2890 656 0
2895 2895 656 0
2900 2900 656 0
2905 2905 656 0
2910 2910 656 0
2915 2915 656 0
2920 2920 656 0
2925 2925 656 0
2930 2930 656 0
2935 2935 656 0
2940 2940 656 0
2945 2945 656 0
2950 2950 656 0
2955 2955 656 0
2960 2960 656 0
2965 2965 656 0
2970 2970 656 0
2975 2975 656 0
2980 2980 656 0
2985 2985 656 0
2990 2990 656 0
2995 2995 656 0
3000 3000 656 0
3005 3005 656 0
3010 3010 656 0
3015 3015 656 0
3020 3020 656 0
3025 3025 656 0
3030 3030 656 0
3035 3035 656 0
3040 3040 656 0
3045 3045 656 0
3050 3050 656 0
3055 3055 656 0
3060 3060 656 0
3065 3065 656 0
3070 3070 656 0
3075 3075 656 0
3080 3080 656 0
3085 3085 656 0
3090 3090 656 0
3095 3095 656 0
3100 3100 656 0
3105 3105 656 0
3110 3110 656 0
3115 3115 656 0
3120 3120 656 0
3125 3125 656 0
3130 3130 656 0
3135 3135 656 0
3140 3140 656 0
3145 3145 656 0
3150 3150 656 0
3155 3155 656 0
3160 3160 656 0
3165 3165 656 0
3170 3170 656 0
3175 3175 656 0
3180 3180 656 0
3185 3185 656 0
3190 3190 656 0
3195 3195 656 0
3200 3200 656 0
3205 3205 656 0
3210 3210 656 0
3215 3215 656 0
3220 3220 656 0
3225 3225 656 0
3230 3230 656 0
3235 3235 656 0
3240 3240 656 0
3245 3245 656 0
3250 3250 656 0
3255 3255 656 0
3260 3260 656 0
3265 3265 656 0
3270 3270 656 0
3275 3275 656 0
3280 3280 656 0
3285 3285 656 0
3290 3290 656 0
3295 3295 656 0
3300 3300 656 0
3305 3305 656 0
3310 3310 656 0
3315 3315 656 0
3320 3320 656 0
3325 3325 656 0
3330 3330 656 0
3335 3335 656 0
3340 3340 656 0
3345 3345 656 0
3350 3350 656 0
3355 3355 656 0
3360 3360 656 0
3365 3365 656 0
3370 3370 656 0
3375 3375 656 0
3380 3380 656 0
3385 3385 656 0
3390 3390 656 0
3395 3395 656 0
3400 3400 656 0
3405 3405 656 0
3410 3410 656 0
3415 3415 656 0
3420 3420 656 0
3425 3425 656 0
3430 3430 656 0
3435 3435 656 0
3440 3440 656 0
3445 3445 656 0
3450 3450 656 0
3455 3455 656 0
3460 3460 656 0
3465 3465 656 0
3470 3470 656 0
3475 3475 656 0
3480 3480 656 0
3485 3485 656 0
3490 3490 656 0
3495 3495 656 0
3500 3500 656 0
3505 3505 656 0
3510 3510 656 0
3515 3515 656 0
3520 3520 656 0
3525 3525 656 0
3530 3530 656 0
3535 3535 656 0
3540 3540 656 0
3545 3545 656 0
3550 3550 656 0
3555 3555 656 0
3560 3560 656 0
3565 3565 656 0
3570 3570 656 0
3575 3575 656 0
3580 3580 656 0
3585 3585 656 0
3590 3590 656 0
3595 3595 656 0
