cdp=181,229,277,325,373,421,469,517,565 \
tnmo=0,0.412659,0.780183,1.03809,1.28956,1.56037,2.16646,2.63715,2.84992,5.98355 \
vnmo=7852.94,8117.65,7985.29,8338.24,8911.76,9455.88,9852.94,12132.4,12955.9,14029.4 \
tnmo=0.0257912,0.586749,0.973617,1.24442,1.70222,2.22449,2.89506,6.01579 \
vnmo=7764.71,7882.35,8220.59,8882.35,9500,10088.2,12176.5,13911.8 \
tnmo=0.0128956,0.419107,0.915587,1.29601,1.71511,2.23094,2.36634,2.6436,2.90795,5.98355 \
vnmo=7764.71,7838.24,8117.65,8838.24,9705.88,10176.5,10573.5,12264.7,12676.5,13970.6 \
tnmo=0.00644779,0.599645,0.909139,1.14126,1.72801,2.1987,2.66294,2.90151,5.99645 \
vnmo=7764.71,7911.76,8147.06,8632.35,9735.29,10117.6,11485.3,12044.1,13897.1 \
tnmo=0.00644779,0.296598,0.631884,0.99296,1.1606,1.56681,1.7538,1.99882,2.1987,2.6307,2.84348,6.0029 \
vnmo=7779.41,7573.53,7779.41,8205.88,8602.94,9323.53,9808.82,10338.2,10647.1,12264.7,12485.3,14000 \
tnmo=0.0386868,0.315942,0.580301,0.870452,1.21219,1.52168,1.73446,2.16646,2.88861,5.98355 \
vnmo=7794.12,7808.82,7970.59,8161.76,8588.24,9279.41,9794.12,10367.6,12750,14000 \
tnmo=0.0128956,0.283703,0.548062,0.947826,1.43141,1.72156,2.1987,2.63715,2.86282,5.98355 \
vnmo=7779.41,7838.24,7794.12,8323.53,9235.29,9955.88,10294.1,12411.8,12882.4,14014.7 \
tnmo=0.0257912,0.290151,0.535167,0.909139,1.12192,1.53457,1.72156,2.24383,2.84348,5.99645 \
vnmo=7779.41,7970.59,8000,8397.06,8735.29,9676.47,10000,10691.2,11058.8,13426.5 \
tnmo=0.0257912,0.432002,0.728601,0.844661,1.07033,1.36048,1.66998,2.21159,2.61136,2.82413,5.9771 \
vnmo=7838.24,7779.41,7897.06,8235.29,8602.94,9308.82,9823.53,10102.9,12000,12808.8,13970.6 \
