12 12 348 0
14 14 348 0
16 16 348 0
18 18 348 0
20 20 348 0
22 22 348 0
24 24 348 0
26 26 348 0
28 28 348 0
30 30 348 0
32 32 348 0
34 34 348 0
36 36 348 0
38 38 348 0
40 40 348 0
42 42 348 0
44 44 348 0
46 46 348 0
48 48 348 0
50 50 348 0
52 52 348 0
54 54 348 0
56 56 348 0
58 58 348 0
60 60 348 0
62 62 348 0
64 64 348 0
66 66 348 0
68 68 348 0
70 70 348 0
72 72 348 0
74 74 348 0
76 76 348 0
78 78 348 0
80 80 348 0
82 82 348 0
84 84 348 0
86 86 348 0
88 88 348 0
90 90 348 0
92 92 348 0
94 94 348 0
96 96 348 0
98 98 348 0
100 100 348 0
102 102 348 0
104 104 348 0
106 106 348 0
108 108 348 0
110 110 348 0
112 112 348 0
114 114 348 0
116 116 348 0
118 118 348 0
120 120 348 0
122 122 348 0
124 124 348 0
126 126 348 0
128 128 348 0
130 130 348 0
132 132 348 0
134 134 348 0
136 136 348 0
138 138 348 0
140 140 348 0
142 142 348 0
144 144 348 0
146 146 348 0
148 148 348 0
150 150 348 0
152 152 348 0
154 154 348 0
156 156 348 0
158 158 348 0
160 160 348 0
162 162 348 0
164 164 348 0
166 166 348 0
168 168 348 0
170 170 348 0
172 172 348 0
174 174 348 0
176 176 348 0
178 178 348 0
180 180 348 0
182 182 348 0
184 184 348 0
186 186 348 0
188 188 348 0
190 190 348 0
192 192 348 0
194 194 348 0
196 196 348 0
198 198 348 0
200 200 348 0
202 202 348 0
204 204 348 0
206 206 348 0
208 208 348 0
210 210 348 0
212 212 348 0
214 214 348 0
216 216 348 0
218 218 348 0
220 220 348 0
222 222 348 0
224 224 348 0
226 226 348 0
228 228 348 0
230 230 348 0
232 232 348 0
234 234 348 0
236 236 348 0
238 238 348 0
240 240 348 0
242 242 348 0
244 244 348 0
246 246 348 0
248 248 348 0
250 250 348 0
252 252 348 0
254 254 348 0
256 256 348 0
258 258 348 0
260 260 348 0
262 262 348 0
264 264 348 0
266 266 348 0
268 268 348 0
270 270 348 0
272 272 348 0
274 274 348 0
276 276 348 0
278 278 348 0
280 280 348 0
282 282 348 0
284 284 348 0
286 286 348 0
288 288 348 0
290 290 348 0
292 292 348 0
294 294 348 0
296 296 348 0
298 298 348 0
300 300 348 0
302 302 348 0
304 304 348 0
306 306 348 0
308 308 348 0
310 310 348 0
312 312 348 0
314 314 348 0
316 316 348 0
318 318 348 0
320 320 348 0
322 322 348 0
324 324 348 0
326 326 348 0
328 328 348 0
330 330 348 0
332 332 348 0
334 334 348 0
336 336 348 0
338 338 348 0
340 340 348 0
342 342 348 0
344 344 348 0
346 346 348 0
348 348 348 0
350 350 348 0
352 352 348 0
354 354 348 0
356 356 348 0
358 358 348 0
360 360 348 0
362 362 348 0
364 364 348 0
366 366 348 0
368 368 348 0
370 370 348 0
372 372 348 0
374 374 348 0
376 376 348 0
378 378 348 0
380 380 348 0
382 382 348 0
384 384 348 0
386 386 348 0
388 388 348 0
390 390 348 0
392 392 348 0
394 394 348 0
396 396 348 0
398 398 348 0
400 400 348 0
402 402 348 0
404 404 348 0
406 406 348 0
408 408 348 0
410 410 348 0
412 412 348 0
414 414 348 0
416 416 348 0
418 418 348 0
420 420 348 0
422 422 348 0
424 424 348 0
426 426 348 0
428 428 348 0
430 430 348 0
432 432 348 0
434 434 348 0
436 436 348 0
438 438 348 0
440 440 348 0
442 442 348 0
444 444 348 0
446 446 348 0
448 448 348 0
450 450 348 0
452 452 348 0
454 454 348 0
456 456 348 0
458 458 348 0
460 460 348 0
462 462 348 0
464 464 348 0
466 466 348 0
468 468 348 0
470 470 348 0
472 472 348 0
474 474 348 0
476 476 348 0
478 478 348 0
480 480 348 0
482 482 348 0
484 484 348 0
486 486 348 0
488 488 348 0
490 490 348 0
492 492 348 0
494 494 348 0
496 496 348 0
498 498 348 0
500 500 348 0
502 502 348 0
504 504 348 0
506 506 348 0
508 508 348 0
510 510 348 0
512 512 348 0
514 514 348 0
516 516 348 0
518 518 348 0
520 520 348 0
522 522 348 0
524 524 348 0
526 526 348 0
528 528 348 0
530 530 348 0
532 532 348 0
534 534 348 0
536 536 348 0
538 538 348 0
540 540 348 0
542 542 348 0
544 544 348 0
546 546 348 0
548 548 348 0
550 550 348 0
552 552 348 0
554 554 348 0
556 556 348 0
558 558 348 0
560 560 348 0
562 562 348 0
564 564 348 0
566 566 348 0
568 568 348 0
570 570 348 0
572 572 348 0
574 574 348 0
576 576 348 0
578 578 348 0
580 580 348 0
582 582 348 0
584 584 348 0
586 586 348 0
588 588 348 0
590 590 348 0
592 592 348 0
594 594 348 0
596 596 348 0
598 598 348 0
600 600 348 0
602 602 348 0
604 604 348 0
606 606 348 0
608 608 348 0
610 610 348 0
612 612 348 0
614 614 348 0
616 616 348 0
618 618 348 0
620 620 348 0
622 622 348 0
624 624 348 0
626 626 348 0
628 628 348 0
630 630 348 0
632 632 348 0
634 634 348 0
636 636 348 0
638 638 348 0
640 640 348 0
642 642 348 0
644 644 348 0
646 646 348 0
648 648 348 0
650 650 348 0
652 652 348 0
654 654 348 0
656 656 348 0
658 658 348 0
660 660 348 0
662 662 348 0
664 664 348 0
666 666 348 0
668 668 348 0
670 670 348 0
672 672 348 0
674 674 348 0
676 676 348 0
678 678 348 0
680 680 348 0
682 682 348 0
684 684 348 0
686 686 348 0
688 688 348 0
690 690 348 0
692 692 348 0
694 694 348 0
696 696 348 0
698 698 348 0
700 700 348 0
702 702 348 0
704 704 348 0
706 706 348 0
708 708 348 0
710 710 348 0
712 712 348 0
714 714 348 0
716 716 348 0
718 718 348 0
720 720 347 0
722 722 345 0
724 724 343 0
726 726 341 0
728 728 339 0
730 730 337 0
732 732 335 0
734 734 333 0
736 736 331 0
738 738 329 0
740 740 327 0
742 742 325 0
744 744 323 0
746 746 321 0
748 748 319 0
750 750 317 0
752 752 315 0
754 754 313 0
756 756 311 0
758 758 309 0
760 760 307 0
762 762 305 0
764 764 303 0
766 766 301 0
768 768 299 0
770 770 297 0
772 772 295 0
774 774 293 0
776 776 291 0
778 778 289 0
780 780 287 0
782 782 285 0
784 784 283 0
786 786 281 0
788 788 279 0
790 790 277 0
792 792 275 0
794 794 273 0
796 796 271 0
798 798 269 0
800 800 267 0
802 802 265 0
804 804 263 0
806 806 261 0
808 808 259 0
810 810 257 0
812 812 255 0
814 814 253 0
816 816 251 0
818 818 249 0
820 820 247 0
822 822 245 0
824 824 243 0
826 826 241 0
828 828 239 0
830 830 237 0
832 832 235 0
834 834 233 0
836 836 231 0
838 838 229 0
840 840 227 0
842 842 225 0
844 844 223 0
846 846 221 0
848 848 219 0
850 850 217 0
852 852 215 0
854 854 213 0
856 856 211 0
858 858 209 0
860 860 207 0
862 862 205 0
864 864 203 0
866 866 201 0
868 868 199 0
870 870 197 0
872 872 195 0
874 874 193 0
876 876 191 0
878 878 189 0
880 880 187 0
882 882 185 0
884 884 183 0
886 886 181 0
888 888 179 0
890 890 177 0
892 892 175 0
894 894 173 0
896 896 171 0
898 898 169 0
900 900 167 0
902 902 165 0
904 904 163 0
906 906 161 0
908 908 159 0
910 910 157 0
912 912 155 0
914 914 153 0
916 916 151 0
918 918 149 0
920 920 147 0
922 922 145 0
924 924 143 0
926 926 141 0
928 928 139 0
930 930 137 0
932 932 135 0
934 934 133 0
936 936 131 0
938 938 129 0
940 940 127 0
942 942 125 0
944 944 123 0
946 946 121 0
948 948 119 0
950 950 117 0
952 952 115 0
954 954 113 0
956 956 111 0
958 958 109 0
960 960 107 0
962 962 105 0
964 964 103 0
966 966 101 0
968 968 99 0
970 970 97 0
972 972 95 0
974 974 93 0
976 976 91 0
978 978 89 0
980 980 87 0
982 982 85 0
984 984 83 0
986 986 81 0
988 988 79 0
990 990 77 0
992 992 75 0
994 994 73 0
996 996 71 0
998 998 69 0
1000 1000 67 0
1002 1002 65 0
1004 1004 63 0
1006 1006 61 0
1008 1008 59 0
1010 1010 57 0
