   1981  31-81    100       70.134322     -151.213349   107575.318015  2241817.093031
   1981  31-81    101       70.133654     -151.216283   107465.189195  2241739.184210
   1981  31-81    102       70.132984     -151.219224   107354.792805  2241661.049500
   1981  31-81    103       70.132313     -151.222158   107244.664392  2241582.821060
   1981  31-81    104       70.131646     -151.225099   107134.240872  2241505.023875
   1981  31-81    105       70.130975     -151.228032   107024.137674  2241426.805988
   1981  31-81    106       70.130305     -151.230973   106913.714513  2241348.689204
   1981  31-81    107       70.129637     -151.233906   106803.584241  2241270.808820
   1981  31-81    108       70.128966     -151.236838   106693.499578  2241192.605938
   1981  31-81    109       70.128298     -151.239771   106583.355973  2241114.734481
   1981  31-81    110       70.127627     -151.242711   106472.949209  2241036.527694
   1981  31-81    111       70.126959     -151.245643   106362.830857  2240958.666782
   1981  31-81    112       70.126289     -151.248574   106252.753525  2240880.592881
   1981  31-81    113       70.125620     -151.251514   106142.317616  2240802.618582
   1981  31-81    114       70.124949     -151.254445   106032.231462  2240724.444087
   1981  31-81    115       70.124278     -151.257376   105922.138626  2240646.274051
   1981  31-81    116       70.123610     -151.260308   105811.986944  2240568.435465
   1981  31-81    117       70.122939     -151.263246   105701.610548  2240490.263208
   1981  31-81    118       70.122271     -151.266177   105591.484136  2240412.435153
   1981  31-81    119       70.121600     -151.269107   105481.403194  2240334.284559
   1981  31-81    120       70.120931     -151.272046   105370.959127  2240256.343204
   1981  31-81    121       70.120260     -151.274976   105260.864825  2240178.201541
   1981  31-81    122       70.119591     -151.277906   105150.754860  2240100.283401
   1981  31-81    123       70.118920     -151.280835   105040.685818  2240022.152238
   1981  31-81    124       70.118251     -151.283773   104930.253651  2239944.230377
   1981  31-81    125       70.117580     -151.286702   104820.171255  2239866.108142
   1981  31-81    126       70.116911     -151.289631   104710.073238  2239788.209433
   1981  31-81    127       70.116239     -151.292568   104599.673065  2239709.973978
   1981  31-81    128       70.115571     -151.295497   104489.557248  2239632.193735
   1981  31-81    129       70.114899     -151.298425   104379.491233  2239553.981382
   1981  31-81    130       70.114230     -151.301354   104269.366557  2239476.100522
   1981  31-81    131       70.113558     -151.304290   104158.978250  2239397.884534
   1981  31-81    132       70.112886     -151.307218   104048.892191  2239319.685561
   1981  31-81    133       70.112217     -151.310145   103938.824752  2239241.821224
   1981  31-81    134       70.111545     -151.313081   103828.416376  2239163.618655
   1981  31-81    135       70.110876     -151.316008   103718.335611  2239085.763244
   1981  31-81    136       70.110204     -151.318936   103608.222846  2239007.582110
   1981  31-81    137       70.109535     -151.321863   103498.128764  2238929.735614
   1981  31-81    138       70.108863     -151.324797   103387.770897  2238851.554054
   1981  31-81    139       70.108193     -151.327724   103277.667904  2238773.606942
   1981  31-81    140       70.107521     -151.330651   103167.567061  2238695.445204
   1981  31-81    141       70.106852     -151.333585   103057.175933  2238617.605687
   1981  31-81    142       70.106180     -151.336511   102947.100371  2238539.454425
   1981  31-81    143       70.105510     -151.339437   102837.009350  2238461.526704
   1981  31-81    144       70.104838     -151.342362   102726.959079  2238383.385897
   1981  31-81    145       70.104168     -151.345296   102616.545665  2238305.454726
   1981  31-81    146       70.103495     -151.348221   102506.486423  2238227.213292
   1981  31-81    147       70.102823     -151.351146   102396.416127  2238149.085855
   1981  31-81    148       70.102153     -151.354079   102286.021324  2238071.169644
   1981  31-81    149       70.101481     -151.357004   102175.937683  2237993.051128
   1981  31-81    150       70.100805     -151.359920   102066.212557  2237914.512704
   1981  31-81    151       70.100130     -151.362836   101956.476390  2237836.088249
   1981  31-81    152       70.099452     -151.365752   101846.746587  2237757.339567
   1981  31-81    153       70.098774     -151.368668   101737.010075  2237678.595302
   1981  31-81    154       70.098098     -151.371583   101627.296823  2237600.076088
   1981  31-81    155       70.097420     -151.374506   101517.276386  2237521.329960
