cdp=181,229,277,325,373,421,469,517,565 \
tnmo=0,0.497685,0.915386,1.3242,1.56415,2.18626,2.63062,3.84818,6.02555 \
vnmo=7844.41,8150.15,7873.53,8878.09,9649.71,9882.65,12081,12910.9,13405.9 \
tnmo=0.032239,0.709257,1.25087,1.72156,2.21804,2.62425,2.90151,5.99645 \
vnmo=7800.74,8150.15,8747.06,9416.76,9926.32,11076.5,12168.4,13435 \
tnmo=0.0257912,0.277255,0.709257,0.941378,1.47654,1.72156,2.23738,2.66939,3.41733,6.0029 \
vnmo=7829.85,7786.18,7990,8164.71,9402.21,9882.65,10363.1,12721.6,13347.6,14250.3 \
tnmo=0,0.43806,0.714229,1.39037,1.78081,2.28553,2.67598,5.99 \
vnmo=7885.79,7885.79,7755.53,8771.58,9605.26,9865.79,11064.2,12601.3 \
tnmo=0.0193434,0.270807,0.638331,1.10257,1.62484,2.20515,2.62425,5.99 \
vnmo=7800.74,7626.03,7873.53,8601.47,10057.4,10697.9,12910.9,14017.4 \
tnmo=0.00644779,0.290151,0.941378,1.50878,2.21159,2.88861,5.99645 \
vnmo=7829.85,7509.56,8106.47,9081.91,9737.06,11702.5,13071 \
tnmo=0.000488,0.31643,0.92897,1.12885,1.69626,2.23142,2.8762,5.98404 \
vnmo=7786.18,7465.88,8281.18,8645.15,10028.2,10566.9,13420.4,14017.4 \
tnmo=0,0.309494,0.677018,1.18639,1.65708,1.8892,2.37279,3.58497,5.9771 \
vnmo=7800.74,7553.24,7844.41,8616.03,9678.82,10159.3,10741.6,12663.4,13376.8 \
tnmo=0.0193434,0.373972,0.683466,0.896243,1.09612,1.66353,2.21804,2.60491,2.86282,5.98355 \
vnmo=7815.29,7873.53,7815.29,8222.94,8761.62,9868.09,10101,12110.1,12372.2,13172.9 \
