HANDVEL 75                                             
1566    1495    1725    1515    2246    1752    2597    2023    
2880    2148    
HANDVEL 300                                             
1494    1499    1817    1535    1967    1594    2186    1673    
2323    1798    2579    1924    2967    2227    
HANDVEL 400                                             
1494    1502    1703    1554    1949    1587    2164    1680    
2333    1990    2967    2333    
HANDVEL 500                                             
1418    1502    1662    1521    1801    1547    1922    1568    
2091    1667    2291    1904    2976    2194    
HANDVEL 600                                             
27      1475    1420    1508    1808    1554    2191    1739    
2543    2003    2990    2392    
HANDVEL 700                                             
27      1492    1379    1508    1593    1541    1794    1568    
1981    1634    2291    1924    2984    2409    
HANDVEL 800                                             
37      1469    1346    1509    1493    1535    1653    1543    
1771    1601    2050    1680    2168    1792    2492    2049    
2984    2431    
HANDVEL 900                                             
37      1486    1296    1488    1493    1524    1657    1548    
1771    1591    1949    1634    2250    1957    2990    2464    
HANDVEL 1000                                            
18      1488    1296    1502    1461    1528    1630    1548    
1822    1598    2205    1884    2967    2418    
HANDVEL 1100                                            
18      1495    1283    1495    1461    1534    1592    1554    
1748    1594    2011    1728    2149    1820    2416    2008    
2738    2193    2967    2352    
HANDVEL 1200                                            
1251    1495    1592    1564    2018    1739    2241    1996    
2972    2583    
HANDVEL 1300                                            
23      1475    1246    1502    1484    1515    1592    1570    
1913    1726    2018    1761    2228    1937    2451    2107    
2743    2313    2968    2520    
HANDVEL 1400                                            
1233    1481    1388    1495    1602    1578    1981    1732    
2186    2023    2990    2682    
HANDVEL 1500                                            
1187    1502    1356    1528    1602    1584    1803    1660    
1981    1783    2173    2009    2979    2712    
HANDVEL 1600                                            
23      1456    1141    1502    1337    1528    1639    1614    
2196    2029    2979    2750    
HANDVEL 1700                                            
23      1479    1127    1502    1337    1543    1821    1693    
2008    1845    2967    2689    
HANDVEL 1800                                            
1105    1502    1365    1535    1634    1667    1842    1778    
2040    1911    2636    2316    2968    2543    
HANDVEL 1900                                            
27      1469    1032    1508    1205    1521    1611    1700    
1872    1845    2040    1930    2600    2331    2967    2616    
HANDVEL 2000                                            
1000    1521    1219    1521    1538    1686    1858    1871    
2013    1957    2990    2682    
HANDVEL 2100                                            
27      1469    899     1502    1214    1561    1351    1601    
1515    1695    1625    1779    1977    1970    2559    2324    
2963    2624    
HANDVEL 2200                                            
27      1456    854     1502    1178    1548    1351    1612    
1616    1772    1949    2036    2972    2603    
HANDVEL 2300                                            
27      1479    809     1501    1155    1594    1410    1732    
1826    1970    2243    2210    2950    2768    
HANDVEL 2400                                            
23      1462    781     1495    1176    1574    1319    1647    
1776    1943    2451    2418    2950    2946    
HANDVEL 2500                                            
23      1482    671     1482    781     1502    918     1515    
1173    1620    1319    1679    1776    1957    2196    2220    
2451    2503    2950    2982    
HANDVEL 2600                                            
18      1456    657     1502    1036    1581    1275    1686    
1703    1871    2351    2359    2968    3033    
HANDVEL 2700                                            
14      1482    629     1501    1004    1574    1275    1693    
1525    1765    2054    2220    2351    2516    2748    2880    
2963    3130    
HANDVEL 2800                                            
27      1469    621     1502    1000    1581    1547    1825    
1730    1970    1873    2155    2018    2319    2963    3233    
HANDVEL 2900                                            
18      1488    593     1502    918     1568    1372    1752    
1511    1825    1730    2009    1917    2122    2406    2392    
2972    2781    
HANDVEL 3000                                            
23      1456    583     1502    949     1581    1372    1757    
1593    1904    1917    2214    2378    2577    2953    3185    
HANDVEL 3100                                            
23      1479    548     1502    839     1557    922     1574    
1356    1779    1593    1913    1945    2253    2378    2616    
2953    3145    
HANDVEL 3200                                            
9       1482    520     1502    899     1587    1346    1785    
1589    1937    1739    2009    2387    2359    2967    2662    
HANDVEL 3300                                            
9       1492    530     1502    876     1581    1356    1812    
1557    1917    2387    2402    2967    2703    
HANDVEL 3400                                            
27      1502    511     1502    867     1587    1557    1950    
1735    2075    2369    2438    2979    2750    
HANDVEL 3500                                            
23      1502    471     1502    899     1587    1218    1747    
1333    1825    1465    1911    1735    2092    2323    2385    
2979    2876    
HANDVEL 3600                                            
18      1502    452     1502    680     1535    904     1607    
1218    1722    1397    1858    1830    2187    2301    2570    
2984    3005    
HANDVEL 3700                                            
23      1462    447     1502    680     1561    858     1587    
1172    1731    1397    1902    1589    2009    1890    2267    
2098    2450    2743    2906    2979    3010    
HANDVEL 3800                                            
37      1462    434     1502    703     1574    854     1594    
1172    1757    1803    2253    1935    2399    2979    3019    
HANDVEL 3900                                            
37      1479    393     1502    511     1535    703     1584    
803     1614    1126    1759    1310    1873    1383    1897    
1794    2201    1954    2372    2968    3140    
HANDVEL 4000                                            
23      1456    361     1502    511     1535    863     1627    
1126    1785    1379    1917    1812    2240    2228    2471    
2994    3269    
HANDVEL 4100                                            
23      1479    333     1502    511     1554    671     1581    
863     1666    1023    1744    1287    1911    1812    2260    
2228    2535    2938    3167    
HANDVEL 4200                                            
23      1502    306     1495    753     1653    1009    1772    
1369    1911    1671    2194    1817    2319    2938    3123    
HANDVEL 4300                                            
23      1502    256     1502    744     1667    918     1746    
1328    1917    1666    2141    1903    2306    2246    2491    
2938    3000    
HANDVEL 4400                                            
237     1508    498     1607    896     1757    1255    1891    
2145    2412    2968    2895    
HANDVEL 4500                                            
14      1462    210     1515    498     1611    896     1754    
1356    2003    1776    2306    2145    2497    2968    3004    
HANDVEL 4600                                            
0       1456    210     1515    835     1746    1251    1970    
1757    2253    2050    2399    2973    3116    
HANDVEL 4700                                            
0       1482    187     1508    886     1759    1251    1980    
1858    2418    2968    3224    
HANDVEL 4800                                            
183     1508    872     1772    1296    1983    1830    2346    
2027    2517    2968    3336    
HANDVEL 4900                                            
14      1416    187     1508    822     1772    1213    1942    
1830    2426    2027    2582    2968    3321    
HANDVEL 5000                                            
201     1508    730     1772    1214    1970    1835    2497    
2973    3309    
HANDVEL 5100                                            
5       1442    192     1502    685     1765    1315    2135    
1830    2629    2973    3353    
HANDVEL 5200                                            
187     1508    648     1739    1167    1943    1487    2194    
1821    2656    2994    3412    
HANDVEL 5300                                            
0       1429    192     1508    379     1719    1167    1952    
1456    2095    1835    2623    2963    3440    
HANDVEL 5400                                            
9       1409    173     1508    351     1601    810     1732    
1505    2178    1812    2563    2191    2959    2963    3488    
HANDVEL 5500                                            
9       1438    173     1488    351     1579    598     1679    
810     1777    1044    1927    1505    2228    1803    2517    
1972    2629    2963    3444    
HANDVEL 5600                                            
169     1502    342     1607    598     1686    1044    1971    
1397    2214    1798    2478    2979    3412    
HANDVEL 5700                                            
169     1508    342     1605    558     1698    1044    1952    
1397    2135    1803    2550    2979    3350    
HANDVEL 5800                                            
9       1449    183     1515    420     1653    558     1722    
1424    2155    1798    2544    2424    2966    2979    3288    
HANDVEL 5900                                            
9       1475    516     1700    1075    1976    1424    2187    
1798    2530    2424    2977    2968    3357    
HANDVEL 6000                                            
9       1403    160     1495    537     1681    1075    1971    
1798    2590    2342    3065    2968    3433    
HANDVEL 6100                                            
9       1453    173     1508    356     1620    537     1689    
707     1762    1255    2069    1776    2497    1940    2603    
2342    2968    2958    3365    
HANDVEL 6200                                            
9       1416    173     1508    296     1620    707     1752    
1306    2075    1767    2557    2958    3302    
HANDVEL 6300                                            
9       1457    169     1502    296     1600    533     1679    
695     1722    925     1828    1129    1990    1337    2095    
1771    2511    2308    2748    2943    3169    
HANDVEL 6400                                            
0       1436    169     1508    507     1713    1091    2003    
1341    2183    1765    2478    1923    2570    2315    2761    
2943    3045    
HANDVEL 6500                                            
0       1472    210     1535    507     1721    737     1850    
1091    2025    1341    2192    1781    2590    2323    2821    
2943    3167    
HANDVEL 6600                                            
161     1508    356     1680    549     1757    737     1872    
1134    2068    1658    2372    1928    2504    2317    2849    
2973    3309    
HANDVEL 6700                                            
153     1503    356     1665    549     1753    935     1969    
1134    2054    1658    2438    1826    2524    2305    2774    
2973    3212    
HANDVEL 6800                                            
0       1396    320     1640    636     1795    798     1872    
1223    2062    1662    2405    2288    2669    2984    3123    
HANDVEL 6900                                            
0       1449    487     1726    798     1889    1212    2042    
1642    2300    2297    2788    2984    3269    
HANDVEL 7000                                            
152     1508    461     1723    1203    2059    1656    2418    
1973    2675    2999    3426    
HANDVEL 7100                                            
147     1488    305     1638    603     1779    919     1925    
1203    2053    1671    2484    2340    2946    2499    2992    
2990    3227    
HANDVEL 7200                                            
123     1502    305     1661    611     1776    919     1920    
1231    2059    1652    2355    2426    2657    2990    3035    
HANDVEL 7300                                            
123     1500    447     1732    919     1925    1231    2066    
1648    2392    2255    2649    2990    3128    
HANDVEL 7400                                            
143     1498    611     1790    1325    2116    1639    2359    
1848    2481    2999    3226    
HANDVEL 7500                                            
118     1500    277     1629    585     1782    1007    1957    
1325    2148    1648    2385    1853    2537    2223    2821    
2994    3231    
HANDVEL 7600                                            
9       1409    277     1676    584     1792    1007    1944    
1625    2385    2223    2636    2944    3170    
HANDVEL 7700                                            
131     1502    386     1700    703     1818    1007    1945    
1258    1996    1625    2346    2001    2554    2223    2637    
2944    3021    
HANDVEL 7800                                            
137     1502    504     1713    1108    2016    1622    2379    
2143    2662    2994    2888    
HANDVEL 7900                                            
143     1515    323     1635    554     1792    1161    2042    
1639    2392    2373    2959    2963    2953    
HANDVEL 8000                                            
131     1502    339     1673    1145    2056    1606    2280    
2005    2461    2233    2576    2963    3026    
HANDVEL 8100                                            
137     1495    339     1682    529     1765    1109    2027    
1611    2359    2127    2590    2963    3070    
HANDVEL 8200                                            
131     1508    535     1805    1124    2042    1614    2372    
2246    2715    2999    3136    
HANDVEL 8300                                            
131     1502    299     1644    520     1785    1074    2009    
1611    2372    1819    2455    2246    2696    2989    3120    
HANDVEL 8400                                            
125     1515    299     1656    529     1779    1085    1987    
1608    2346    1751    2425    2989    3109    
HANDVEL 8500                                            
118     1508    293     1690    529     1776    901     1922    
1085    2025    1608    2392    2273    2728    2989    3137    
HANDVEL 8600                                            
125     1515    293     1728    901     1925    1612    2471    
2273    2743    2989    3164    
HANDVEL 8700                                            
116     1509    530     1821    901     1941    1065    2069    
1595    2399    1832    2528    2179    2702    2989    3197    
HANDVEL 8800                                            
115     1508    413     1728    1071    2011    1594    2471    
2168    2807    2994    3233    
HANDVEL 8900                                            
111     1503    430     1726    1057    2010    1584    2399    
1838    2568    2118    2720    2979    3309    
HANDVEL 9000                                            
106     1515    243     1673    1058    2009    1583    2497    
2159    2886    2979    3392    
HANDVEL 9100                                            
105     1512    408     1737    696     1839    900     1936    
1058    2001    1583    2445    2159    2730    2432    2913    
2961    3237    
HANDVEL 9200                                            
105     1508    408     1733    696     1819    900     1929    
1068    2023    1583    2392    2121    2715    2426    2919    
2959    3269    
HANDVEL 9300                                            
115     1521    402     1719    696     1827    900     1936    
1068    2030    1586    2471    2112    2774    2738    3302    
2983    3539    
HANDVEL 9400                                            
114     1522    402     1709    704     1838    1051    2025    
1594    2491    2105    2719    2333    2810    2984    3131    
HANDVEL 9500                                            
103     1508    395     1719    704     1851    1058    2029    
1591    2471    1818    2564    2077    2699    2309    2793    
2973    3072    
HANDVEL 9600                                            
106     1508    495     1825    940     1958    1586    2425    
1928    2616    2077    2691    2309    2786    2973    3019    
HANDVEL 9700                                            
106     1508    258     1647    870     1986    1046    2003    
1272    2263    1587    2399    2077    2784    2613    2880    
2973    3185    
HANDVEL 9800                                            
100     1515    389     1680    870     2035    1033    2197    
1270    2412    1578    2610    1800    2729    2982    3356 
